0 9999.000000 0.000000 1.000000 0.000000
1 9998.910359 0.089327 0.990353 0.009961
2 9998.821556 0.177195 0.981419 0.019829
3 9998.733527 0.263679 0.973182 0.029611
4 9998.646210 0.348850 0.965626 0.039315
5 9998.559544 0.432776 0.958734 0.048946
6 9998.473470 0.515527 0.952492 0.058511
7 9998.387931 0.597168 0.946885 0.068017
8 9998.302869 0.677762 0.941900 0.077469
9 9998.218230 0.757373 0.937522 0.086875
10 9998.133958 0.836061 0.933740 0.096241
11 9998.050002 0.913886 0.930541 0.105571
12 9997.966309 0.990905 0.927914 0.114872
13 9997.882828 1.067175 0.925847 0.124150
14 9997.799508 1.142752 0.924331 0.133409
15 9997.716302 1.217688 0.923353 0.142657
16 9997.633160 1.292036 0.922907 0.151897
17 9997.550036 1.365848 0.922980 0.161135
18 9997.466883 1.439174 0.923567 0.170376
19 9997.383655 1.512062 0.924657 0.179626
20 9997.300307 1.584561 0.926242 0.188890
21 9997.216795 1.656717 0.928317 0.198171
22 9997.133075 1.728577 0.930872 0.207476
23 9997.049104 1.800184 0.933903 0.216809
24 9996.964840 1.871584 0.937401 0.226175
25 9996.880240 1.942820 0.941363 0.235577
26 9996.795264 2.013934 0.945780 0.245022
27 9996.709870 2.084967 0.950650 0.254513
28 9996.624019 2.155960 0.955965 0.264056
29 9996.537669 2.226954 0.961723 0.273653
30 9996.450782 2.297988 0.967919 0.283311
31 9996.363318 2.369101 0.974548 0.293033
32 9996.275239 2.440331 0.981608 0.302823
33 9996.186505 2.511715 0.989094 0.312686
34 9996.097079 2.583291 0.997004 0.322626
35 9996.006922 2.655095 1.005336 0.332647
36 9995.915997 2.727164 1.014085 0.342754
37 9995.824266 2.799532 1.023251 0.352951
38 9995.731692 2.872235 1.032832 0.363241
39 9995.638237 2.945308 1.042825 0.373629
40 9995.543865 3.018785 1.053230 0.384120
41 9995.448538 3.092701 1.064044 0.394716
42 9995.352220 3.167088 1.075268 0.405423
43 9995.254874 3.241980 1.086901 0.416245
44 9995.156463 3.317411 1.098942 0.427184
45 9995.056950 3.393413 1.111390 0.438247
46 9994.956299 3.470018 1.124247 0.449436
47 9994.854473 3.547259 1.137512 0.460756
48 9994.751435 3.625169 1.151186 0.472210
49 9994.647149 3.703779 1.165269 0.483804
50 9994.541577 3.783121 1.179762 0.495540
51 9994.434683 3.863226 1.194667 0.507424
52 9994.326429 3.944127 1.209985 0.519459
53 9994.216779 4.025855 1.225717 0.531649
54 9994.105695 4.108441 1.241865 0.543999
55 9993.993139 4.191917 1.258431 0.556513
56 9993.879074 4.276314 1.275417 0.569194
57 9993.763462 4.361664 1.292826 0.582048
58 9993.646265 4.447997 1.310660 0.595078
59 9993.527444 4.535345 1.328922 0.608289
60 9993.406962 4.623739 1.347614 0.621685
61 9993.284778 4.713212 1.366741 0.635270
62 9993.160854 4.803793 1.386304 0.649048
63 9993.035151 4.895515 1.406309 0.663025
64 9992.907628 4.988410 1.426757 0.677204
65 9992.778247 5.082509 1.447654 0.691590
66 9992.646965 5.177845 1.469003 0.706188
67 9992.513742 5.274448 1.490808 0.721001
68 9992.378538 5.372352 1.513074 0.736035
69 9992.241310 5.471589 1.535806 0.751295
70 9992.102017 5.572191 1.559008 0.766784
71 9991.960615 5.674192 1.582685 0.782508
72 9991.817063 5.777623 1.606843 0.798471
73 9991.671317 5.882520 1.631486 0.814678
74 9991.523332 5.988914 1.656620 0.831135
75 9991.373065 6.096839 1.682251 0.847845
76 9991.220470 6.206331 1.708384 0.864815
77 9991.065503 6.317422 1.735027 0.882049
78 9990.908116 6.430148 1.762184 0.899552
79 9990.748265 6.544543 1.789862 0.917330
80 9990.585901 6.660644 1.818068 0.935387
81 9990.420978 6.778484 1.846809 0.953729
82 9990.253446 6.898101 1.876091 0.972362
83 9990.083256 7.019531 1.905922 0.991290
84 9989.910360 7.142811 1.936309 1.010520
85 9989.734707 7.267977 1.967259 1.030057
86 9989.556246 7.395067 1.998780 1.049907
87 9989.374925 7.524119 2.030881 1.070075
88 9989.190693 7.655172 2.063568 1.090567
89 9989.003495 7.788265 2.096850 1.111389
90 9988.813279 7.923436 2.130737 1.132548
91 9988.619990 8.060726 2.165235 1.154049
92 9988.423572 8.200175 2.200355 1.175898
93 9988.223970 8.341824 2.236104 1.198102
94 9988.021126 8.485714 2.272493 1.220667
95 9987.814983 8.631887 2.309531 1.243600
96 9987.605481 8.780385 2.347227 1.266906
97 9987.392563 8.931252 2.385591 1.290593
98 9987.176167 9.084531 2.424634 1.314668
99 9986.956232 9.240267 2.464364 1.339137
100 9986.732696 9.398504 2.504794 1.364007
101 9986.505495 9.559287 2.545933 1.389285
102 9986.274567 9.722663 2.587792 1.414979
103 9986.039845 9.888678 2.630382 1.441095
104 9985.801263 10.057380 2.673715 1.467642
105 9985.558756 10.228816 2.717802 1.494626
106 9985.312253 10.403036 2.762656 1.522055
107 9985.061688 10.580089 2.808286 1.549937
108 9984.806988 10.760025 2.854707 1.578279
109 9984.548084 10.942895 2.901930 1.607091
110 9984.284901 11.128751 2.949969 1.636379
111 9984.017368 11.317645 2.998835 1.666152
112 9983.745409 11.509630 3.048542 1.696418
113 9983.468949 11.704761 3.099104 1.727187
114 9983.187910 11.903092 3.150533 1.758465
115 9982.902213 12.104679 3.202845 1.790263
116 9982.611780 12.309578 3.256052 1.822589
117 9982.316530 12.517847 3.310170 1.855453
118 9982.016381 12.729545 3.365213 1.888862
119 9981.711248 12.944729 3.421195 1.922827
120 9981.401048 13.163462 3.478133 1.957358
121 9981.085694 13.385802 3.536041 1.992463
122 9980.765099 13.611813 3.594935 2.028153
123 9980.439174 13.841557 3.654832 2.064437
124 9980.107829 14.075099 3.715747 2.101326
125 9979.770971 14.312503 3.777697 2.138830
126 9979.428508 14.553835 3.840698 2.176959
127 9979.080345 14.799162 3.904769 2.215724
128 9978.726386 15.048552 3.969926 2.255136
129 9978.366532 15.302075 4.036188 2.295206
130 9978.000684 15.559800 4.103571 2.335944
131 9977.628742 15.821799 4.172096 2.377363
132 9977.250603 16.088144 4.241779 2.419474
133 9976.866161 16.358910 4.312641 2.462288
134 9976.475312 16.634170 4.384701 2.505817
135 9976.077947 16.914002 4.457977 2.550073
136 9975.673958 17.198481 4.532492 2.595070
137 9975.263232 17.487687 4.608263 2.640818
138 9974.845656 17.781699 4.685314 2.687332
139 9974.421116 18.080598 4.763663 2.734623
140 9973.989494 18.384467 4.843334 2.782705
141 9973.550673 18.693389 4.924347 2.831591
142 9973.104531 19.007449 5.006725 2.881295
143 9972.650945 19.326734 5.090491 2.931830
144 9972.189792 19.651331 5.175666 2.983211
145 9971.720944 19.981329 5.262276 3.035452
146 9971.244272 20.316819 5.350342 3.088567
147 9970.759646 20.657893 5.439890 3.142571
148 9970.266933 21.004645 5.530944 3.197479
149 9969.765998 21.357169 5.623528 3.253306
150 9969.256702 21.715562 5.717669 3.310067
151 9968.738907 22.079923 5.813391 3.367779
152 9968.212471 22.450351 5.910722 3.426457
153 9967.677249 22.826947 6.009687 3.486117
154 9967.133095 23.209815 6.110314 3.546776
155 9966.579860 23.599058 6.212630 3.608451
156 9966.017393 23.994785 6.316664 3.671159
157 9965.445539 24.397102 6.422443 3.734917
158 9964.864142 24.806119 6.529997 3.799742
159 9964.273043 25.221948 6.639356 3.865653
160 9963.672081 25.644702 6.750548 3.932668
161 9963.061092 26.074498 6.863605 4.000806
162 9962.439908 26.511451 6.978557 4.070084
163 9961.808360 26.955681 7.095437 4.140523
164 9961.166275 27.407309 7.214275 4.212141
165 9960.513479 27.866457 7.335104 4.284960
166 9959.849794 28.333251 7.457958 4.358997
167 9959.175038 28.807818 7.582869 4.434275
168 9958.489027 29.290286 7.709873 4.510813
169 9957.791575 29.780787 7.839004 4.588634
170 9957.082492 30.279454 7.970296 4.667758
171 9956.361584 30.786422 8.103787 4.748207
172 9955.628656 31.301829 8.239512 4.830003
173 9954.883508 31.825814 8.377509 4.913169
174 9954.125937 32.358520 8.517814 4.997729
175 9953.355738 32.900091 8.660467 5.083704
176 9952.572701 33.450673 8.805507 5.171119
177 9951.776613 34.010416 8.952972 5.259999
178 9950.967259 34.579471 9.102904 5.350366
179 9950.144418 35.157991 9.255343 5.442247
180 9949.307869 35.746134 9.410331 5.535667
181 9948.457382 36.344058 9.567909 5.630651
182 9947.592729 36.951924 9.728121 5.727225
183 9946.713675 37.569897 9.891011 5.825417
184 9945.819981 38.198143 10.056623 5.925253
185 9944.911407 38.836831 10.225002 6.026760
186 9943.987705 39.486134 10.396194 6.129967
187 9943.048627 40.146226 10.570245 6.234902
188 9942.093918 40.817286 10.747203 6.341593
189 9941.123321 41.499493 10.927116 6.450071
190 9940.136572 42.193031 11.110033 6.560364
191 9939.133407 42.898086 11.296003 6.672504
192 9938.113554 43.614848 11.485078 6.786521
193 9937.076738 44.343508 11.677308 6.902446
194 9936.022679 45.084263 11.872746 7.020311
195 9934.951095 45.837311 12.071445 7.140149
196 9933.861696 46.602853 12.273458 7.261993
197 9932.754189 47.381094 12.478841 7.385876
198 9931.628276 48.172244 12.687650 7.511831
199 9930.483654 48.976512 12.899940 7.639894
200 9929.320017 49.794114 13.115770 7.770100
201 9928.137051 50.625268 13.335197 7.902484
202 9926.934438 51.470197 13.558282 8.037083
203 9925.711858 52.329124 13.785084 8.173934
204 9924.468981 53.202280 14.015666 8.313073
205 9923.205475 54.089896 14.250089 8.454540
206 9921.921002 54.992208 14.488417 8.598373
207 9920.615217 55.909458 14.730714 8.744612
208 9919.287772 56.841887 14.977045 8.893296
209 9917.938312 57.789744 15.227478 9.044466
210 9916.566476 58.753280 15.482080 9.198164
211 9915.171899 59.732750 15.740919 9.354432
212 9913.754208 60.728414 16.004065 9.513312
213 9912.313027 61.740535 16.271590 9.674848
214 9910.847970 62.769381 16.543565 9.839085
215 9909.358648 63.815223 16.820063 10.006066
216 9907.844665 64.878338 17.101159 10.175838
217 9906.305618 65.959006 17.386929 10.348447
218 9904.741100 67.057511 17.677449 10.523941
219 9903.150694 68.174143 17.972797 10.702366
220 9901.533980 69.309195 18.273053 10.883773
221 9899.890528 70.462965 18.578297 11.068210
222 9898.219903 71.635757 18.888612 11.255728
223 9896.521665 72.827878 19.204079 11.446377
224 9894.795364 74.039640 19.524785 11.640211
225 9893.040543 75.271361 19.850814 11.837282
226 9891.256741 76.523361 20.182254 12.037643
227 9889.443487 77.795969 20.519194 12.241349
228 9887.600303 79.089517 20.861724 12.448456
229 9885.726705 80.404341 21.209935 12.659020
230 9883.822199 81.740783 21.563919 12.873099
231 9881.886285 83.099192 21.923773 13.090750
232 9879.918456 84.479920 22.289590 13.312033
233 9877.918196 85.883326 22.661470 13.537008
234 9875.884981 87.309772 23.039511 13.765737
235 9873.818278 88.759629 23.423813 13.998281
236 9871.717547 90.233271 23.814479 14.234703
237 9869.582241 91.731079 24.211612 14.475068
238 9867.411802 93.253439 24.615318 14.719442
239 9865.205664 94.800742 25.025703 14.967890
240 9862.963254 96.373388 25.442878 15.220480
241 9860.683988 97.971781 25.866952 15.477280
242 9858.367274 99.596329 26.298037 15.738360
243 9856.012512 101.247450 26.736247 16.003791
244 9853.619091 102.925566 27.181699 16.273644
245 9851.186392 104.631105 27.634509 16.547994
246 9848.713786 106.364504 28.094797 16.826913
247 9846.200635 108.126203 28.562685 17.110477
248 9843.646291 109.916650 29.038295 17.398764
249 9841.050095 111.736301 29.521753 17.691851
250 9838.411381 113.585616 30.013186 17.989817
251 9835.729470 115.465065 30.512722 18.292742
252 9833.003675 117.375122 31.020493 18.600709
253 9830.233297 119.316270 31.536633 18.913801
254 9827.417627 121.288997 32.061275 19.232102
255 9824.555946 123.293799 32.594557 19.555697
256 9821.647525 125.331181 33.136619 19.884675
257 9818.691622 127.401653 33.687602 20.219123
258 9815.687486 129.505734 34.247649 20.559132
259 9812.634353 131.643948 34.816907 20.904792
260 9809.531450 133.816829 35.395524 21.256198
261 9806.377990 136.024917 35.983650 21.613443
262 9803.173177 138.268762 36.581437 21.976624
263 9799.916202 140.548920 37.189041 22.345837
264 9796.606244 142.865955 37.806619 22.721182
265 9793.242471 145.220438 38.434331 23.102760
266 9789.824038 147.612951 39.072339 23.490673
267 9786.350088 150.044082 39.720807 23.885024
268 9782.819751 152.514426 40.379903 24.285919
269 9779.232146 155.024591 41.049797 24.693466
270 9775.586379 157.575187 41.730660 25.107774
271 9771.881541 160.166839 42.422668 25.528952
272 9768.116714 162.800175 43.125997 25.957114
273 9764.290962 165.475835 43.840829 26.392374
274 9760.403340 168.194468 44.567345 26.834848
275 9756.452887 170.956729 45.305732 27.284653
276 9752.438630 173.763284 46.056177 27.741909
277 9748.359582 176.614807 46.818871 28.206739
278 9744.214742 179.511984 47.594009 28.679266
279 9740.003093 182.455505 48.381788 29.159614
280 9735.723608 185.446073 49.182406 29.647913
281 9731.375242 188.484401 49.996067 30.144291
282 9726.956938 191.571207 50.822976 30.648879
283 9722.467623 194.707223 51.663341 31.161813
284 9717.906209 197.893189 52.517375 31.683226
285 9713.271596 201.129853 53.385293 32.213258
286 9708.562666 204.417975 54.267311 32.752048
287 9703.778287 207.758324 55.163650 33.299738
288 9698.917311 211.151679 56.074536 33.856474
289 9693.978576 214.598827 57.000196 34.422401
290 9688.960904 218.100568 57.940860 34.997669
291 9683.863100 221.657710 58.896762 35.582429
292 9678.683954 225.271072 59.868139 36.176835
293 9673.422242 228.941483 60.855233 36.781043
294 9668.076720 232.669781 61.858287 37.395211
295 9662.646132 236.456817 62.877550 38.019501
296 9657.129203 240.303451 63.913271 38.654076
297 9651.524641 244.210551 64.965706 39.299102
298 9645.831140 248.178999 66.035113 39.954747
299 9640.047376 252.209687 67.121754 40.621183
300 9634.172008 256.303514 68.225893 41.298584
301 9628.203678 260.461394 69.347801 41.987126
302 9622.141011 264.684250 70.487750 42.686989
303 9615.982615 268.973014 71.646017 43.398354
304 9609.727082 273.328632 72.822881 44.121406
305 9603.372984 277.752056 74.018628 44.856332
306 9596.918877 282.244254 75.233545 45.603324
307 9590.363300 286.806202 76.467924 46.362574
308 9583.704774 291.438886 77.722061 47.134279
309 9576.941802 296.143304 78.996256 47.918638
310 9570.072870 300.920464 80.290812 48.715854
311 9563.096443 305.771387 81.606039 49.526131
312 9556.010973 310.697102 82.942247 50.349678
313 9548.814890 315.698650 84.299753 51.186708
314 9541.506608 320.777082 85.678877 52.037433
315 9534.084522 325.933461 87.079943 52.902074
316 9526.547009 331.168860 88.503281 53.780850
317 9518.892429 336.484362 89.949223 54.673986
318 9511.119120 341.881062 91.418105 55.581712
319 9503.225407 347.360065 92.910271 56.504256
320 9495.209593 352.922487 94.426065 57.441856
321 9487.069963 358.569452 95.965837 58.394748
322 9478.804785 364.302097 97.529943 59.363175
323 9470.412308 370.121569 99.118741 60.347382
324 9461.890763 376.029025 100.732595 61.347618
325 9453.238362 382.025631 102.371872 62.364135
326 9444.453298 388.112566 104.036945 63.397191
327 9435.533749 394.291015 105.728191 64.447044
328 9426.477872 400.562176 107.445992 65.513960
329 9417.283806 406.927255 109.190734 66.598205
330 9407.949673 413.387468 110.962807 67.700052
331 9398.473577 419.944042 112.762607 68.819775
332 9388.853602 426.598210 114.590533 69.957655
333 9379.087817 433.351217 116.446991 71.113975
334 9369.174273 440.204315 118.332389 72.289023
335 9359.111001 447.158767 120.247142 73.483090
336 9348.896016 454.215843 122.191668 74.696472
337 9338.527318 461.376820 124.166392 75.929470
338 9328.002886 468.642986 126.171739 77.182388
339 9317.320684 476.015636 128.208145 78.455535
340 9306.478660 483.496070 130.276046 79.749223
341 9295.474745 491.085600 132.375885 81.063770
342 9284.306851 498.785541 134.508109 82.399499
343 9272.972878 506.597218 136.673169 83.756735
344 9261.470709 514.521959 138.871522 85.135810
345 9249.798210 522.561102 141.103631 86.537058
346 9237.953232 530.715987 143.369960 87.960821
347 9225.933613 538.987963 145.670980 89.407443
348 9213.737175 547.378383 148.007168 90.877274
349 9201.361725 555.888603 150.379003 92.370669
350 9188.805058 564.519987 152.786970 93.887986
351 9176.064953 573.273898 155.231559 95.429589
352 9163.139179 582.151708 157.713265 96.995848
353 9150.025489 591.154788 160.232586 98.587137
354 9136.721627 600.284512 162.790025 100.203835
355 9123.225323 609.542259 165.386092 101.846326
356 9109.534297 618.929407 168.021298 103.514998
357 9095.646256 628.447336 170.696160 105.210248
358 9081.558900 638.097426 173.411202 106.932473
359 9067.269916 647.881058 176.166947 108.682079
360 9052.776985 657.799611 178.963927 110.459476
361 9038.077778 667.854465 181.802678 112.265080
362 9023.169958 678.046995 184.683736 114.099311
363 9008.051181 688.378577 187.607647 115.962595
364 8992.719096 698.850582 190.574958 117.855364
365 8977.171349 709.464376 193.586219 119.778056
366 8961.405576 720.221324 196.641987 121.731113
367 8945.419414 731.122782 199.742821 123.714983
368 8929.210492 742.170102 202.889285 125.730120
369 8912.776440 753.364629 206.081946 127.776985
370 8896.114885 764.707701 209.321374 129.856041
371 8879.223451 776.200644 212.608144 131.967761
372 8862.099765 787.844780 215.942834 134.112620
373 8844.741454 799.641417 219.326026 136.291102
374 8827.146147 811.591854 222.758304 138.503695
375 8809.311475 823.697375 226.240256 140.750894
376 8791.235073 835.959255 229.772474 143.033197
377 8772.914584 848.378753 233.355550 145.351113
378 8754.347654 860.957112 236.990082 147.705152
379 8735.531937 873.695561 240.676669 150.095833
380 8716.465097 886.595310 244.415913 152.523679
381 8697.144807 899.657553 248.208418 154.989222
382 8677.568749 912.883463 252.054792 157.492996
383 8657.734621 926.274192 255.955641 160.035545
384 8637.640132 939.830873 259.911578 162.617417
385 8617.283006 953.554614 263.923214 165.239166
386 8596.660985 967.446500 267.991162 167.901353
387 8575.771826 981.507590 272.116039 170.604544
388 8554.613309 995.738918 276.298461 173.349313
389 8533.183230 1010.141487 280.539044 176.136239
390 8511.479413 1024.716274 284.838406 178.965907
391 8489.499700 1039.464225 289.197168 181.838908
392 8467.241963 1054.386251 293.615946 184.755840
393 8444.704098 1069.483234 298.095361 187.717307
394 8421.884031 1084.756020 302.636030 190.723919
395 8398.779718 1100.205416 307.238573 193.776293
396 8375.389146 1115.832196 311.903608 196.875050
397 8351.710340 1131.637090 316.631751 200.020820
398 8327.741356 1147.620791 321.423617 203.214236
399 8303.480290 1163.783946 326.279822 206.455941
400 8278.925279 1180.127163 331.200977 209.746582
401 8254.074497 1196.650999 336.187693 213.086810
402 8228.926165 1213.355969 341.240579 216.477287
403 8203.478547 1230.242538 346.360239 219.918676
404 8177.729955 1247.311118 351.547277 223.411650
405 8151.678751 1264.562072 356.802291 226.956886
406 8125.323347 1281.995708 362.125877 230.555068
407 8098.662212 1299.612278 367.518626 234.206884
408 8071.693866 1317.411977 372.981127 237.913031
409 8044.416891 1335.394940 378.513960 241.674208
410 8016.829926 1353.561245 384.117705 245.491124
411 7988.931670 1371.910907 389.792932 249.364491
412 7960.720890 1390.443873 395.540209 253.295027
413 7932.196420 1409.160029 401.360095 257.283456
414 7903.357160 1428.059188 407.253144 261.330508
415 7874.202083 1447.141096 413.219902 265.436918
416 7844.730237 1466.405429 419.260908 269.603426
417 7814.940742 1485.851786 425.376693 273.830779
418 7784.832799 1505.479694 431.567779 278.119727
419 7754.405686 1525.288605 437.834681 282.471027
420 7723.658766 1545.277890 444.177903 286.885441
421 7692.591485 1565.446841 450.597941 291.363734
422 7661.203379 1585.794665 457.095278 295.906678
423 7629.494073 1606.320487 463.670390 300.515050
424 7597.463284 1627.023347 470.323739 305.189630
425 7565.110825 1647.902195 477.055777 309.931203
426 7532.436605 1668.955893 483.866942 314.740560
427 7499.440627 1690.183216 490.757663 319.618494
428 7466.122999 1711.582845 497.728352 324.565805
429 7432.483934 1733.153363 504.779409 329.583294
430 7398.523750 1754.893261 511.911221 334.671768
431 7364.242874 1776.800931 519.124157 339.832037
432 7329.641843 1798.874666 526.418575 345.064916
433 7294.721308 1821.112658 533.794814 350.371221
434 7259.482034 1843.512996 541.253197 355.751773
435 7223.924903 1866.073671 548.794031 361.207396
436 7188.050912 1888.792566 556.417606 366.738916
437 7151.861184 1911.667459 564.124193 372.347164
438 7115.356965 1934.696018 571.914045 378.032972
439 7078.539626 1957.875805 579.787396 383.797173
440 7041.410665 1981.204270 587.744459 389.640606
441 7003.971712 2004.678752 595.785427 395.564109
442 6966.224524 2028.296479 603.910474 401.568523
443 6928.170994 2052.054566 612.119750 407.654690
444 6889.813144 2075.950016 620.413386 413.823454
445 6851.153135 2099.979718 628.791487 420.075660
446 6812.193267 2124.140441 637.254138 426.412154
447 6772.935977 2148.428842 645.801398 432.833783
448 6733.383845 2172.841459 654.433303 439.341394
449 6693.539591 2197.374713 663.149862 445.935833
450 6653.406081 2222.024908 671.951062 452.617950
451 6612.986322 2246.788229 680.836860 459.388589
452 6572.283465 2271.660747 689.807189 466.248599
453 6531.300807 2296.638412 698.861956 473.198825
454 6490.041795 2321.717057 708.001038 480.240111
455 6448.510020 2346.892396 717.224283 487.373301
456 6406.709224 2372.160026 726.531513 494.599236
457 6364.643297 2397.515427 735.922519 501.918756
458 6322.316278 2422.953961 745.397062 509.332699
459 6279.732355 2448.470874 754.954872 516.841898
460 6236.895865 2474.061297 764.595651 524.447187
461 6193.811291 2499.720248 774.319067 532.149394
462 6150.483269 2525.442629 784.124757 539.949345
463 6106.916582 2551.223231 794.012326 547.847861
464 6063.116162 2577.056733 803.981346 555.845760
465 6019.087087 2602.937704 814.031355 563.943855
466 5974.834583 2628.860606 824.161858 572.142953
467 5930.364022 2654.819792 834.372326 580.443859
468 5885.680921 2680.809514 844.662196 588.847369
469 5840.790939 2706.823916 855.030869 597.354276
470 5795.699880 2732.857043 865.477712 605.965365
471 5750.413684 2758.902843 876.002056 614.681416
472 5704.938435 2784.955167 886.603196 623.503201
473 5659.280351 2811.007773 897.280391 632.431485
474 5613.445784 2837.054328 908.032863 641.467024
475 5567.441221 2863.088412 918.859797 650.610570
476 5521.273277 2889.103519 929.760343 659.862862
477 5474.948699 2915.093056 940.733611 669.224634
478 5428.474360 2941.050356 951.778677 678.696608
479 5381.857252 2966.968673 962.894576 688.279499
480 5335.104487 2992.841194 974.080308 697.974010
481 5288.223293 3018.661036 985.334834 707.780837
482 5241.221010 3044.421252 996.657077 717.700661
483 5194.105087 3070.114835 1008.045923 727.734155
484 5146.883078 3095.734724 1019.500219 737.881979
485 5099.562640 3121.273801 1031.018774 748.144784
486 5052.151535 3146.724899 1042.600360 758.523206
487 5004.657610 3172.080808 1054.243711 769.017871
488 4957.088807 3197.334282 1065.947522 779.629389
489 4909.453149 3222.478040 1077.710452 790.358359
490 4861.758743 3247.504769 1089.531122 801.205366
491 4814.013770 3272.407134 1101.408115 812.170982
492 4766.226481 3297.177780 1113.339977 823.255762
493 4718.405196 3321.809337 1125.325219 834.460249
494 4670.558294 3346.294426 1137.362311 845.784969
495 4622.694209 3370.625666 1149.449692 857.230433
496 4574.821425 3394.795676 1161.585762 868.797138
497 4526.948471 3418.797083 1173.768885 880.485561
498 4479.083914 3442.622528 1185.997393 892.296166
499 4431.236359 3466.264663 1198.269580 904.229398
500 4383.414441 3489.716165 1210.583708 916.285687
501 4335.626815 3512.969739 1222.938004 928.465442
502 4287.882152 3536.018127 1235.330663 940.769058
503 4240.189132 3558.854112 1247.759847 953.196909
504 4192.556443 3581.470519 1260.223687 965.749351
505 4144.992768 3603.860228 1272.720281 978.426722
506 4097.506787 3626.016174 1285.247699 991.229340
507 4050.107165 3647.931353 1297.803978 1004.157503
508 4002.802548 3669.598832 1310.387129 1017.211491
509 3955.601553 3691.011751 1322.995132 1030.391563
510 3908.512770 3712.163332 1335.625942 1043.697957
511 3861.544745 3733.046879 1348.277486 1057.130891
512 3814.705982 3753.655790 1360.947666 1070.690562
513 3768.004939 3773.983557 1373.634359 1084.377145
514 3721.450016 3794.023770 1386.335417 1098.190797
515 3675.049549 3813.770131 1399.048671 1112.131649
516 3628.811808 3833.216452 1411.771928 1126.199812
517 3582.744984 3852.356664 1424.502976 1140.395377
518 3536.857191 3871.184819 1437.239582 1154.718409
519 3491.156456 3889.695097 1449.979495 1169.168953
520 3445.650716 3907.881808 1462.720445 1183.747031
521 3400.347813 3925.739399 1475.460147 1198.452641
522 3355.255481 3943.262459 1488.196299 1213.285761
523 3310.381350 3960.445722 1500.926586 1228.246342
524 3265.732933 3977.284073 1513.648680 1243.334314
525 3221.317627 3993.772549 1526.360240 1258.549584
526 3177.142703 4009.906348 1539.058915 1273.892034
527 3133.215305 4025.680827 1551.742345 1289.361523
528 3089.542443 4041.091511 1564.408159 1304.957888
529 3046.130988 4056.134092 1577.053981 1320.680939
530 3002.987670 4070.804434 1589.677431 1336.530465
531 2960.119072 4085.098578 1602.276121 1352.506230
532 2917.531624 4099.012740 1614.847662 1368.607974
533 2875.231604 4112.543320 1627.389663 1384.835413
534 2833.225128 4125.686900 1639.899731 1401.188241
535 2791.518152 4138.440249 1652.375474 1417.666124
536 2750.116466 4150.800322 1664.814504 1434.268708
537 2709.025691 4162.764264 1677.214433 1450.995613
538 2668.251275 4174.329409 1689.572880 1467.846436
539 2627.798496 4185.493285 1701.887469 1484.820749
540 2587.672450 4196.253615 1714.155832 1501.918103
541 2547.878052 4206.608320 1726.375607 1519.138021
542 2508.420037 4216.555513 1738.544443 1536.480006
543 2469.302957 4226.093504 1750.660001 1553.943537
544 2430.531179 4235.220799 1762.719954 1571.528068
545 2392.108883 4243.936099 1774.721986 1589.233032
546 2354.040062 4252.238302 1786.663799 1607.057836
547 2316.328522 4260.126501 1798.543109 1625.001868
548 2278.977870 4267.599991 1810.357651 1643.064489
549 2241.991525 4274.658260 1822.105174 1661.245040
550 2205.372716 4281.300992 1833.783452 1679.542840
551 2169.124477 4287.528064 1845.390275 1697.957183
552 2133.249654 4293.339544 1856.923458 1716.487344
553 2097.750897 4298.735692 1868.380836 1735.132575
554 2062.630668 4303.716956 1879.760270 1753.892106
555 2027.891238 4308.283970 1891.059647 1772.765146
556 1993.534687 4312.437552 1902.276878 1791.750883
557 1959.562908 4316.178704 1913.409903 1810.848486
558 1925.977605 4319.508607 1924.456688 1830.057100
559 1892.780300 4322.428617 1935.415231 1849.375852
560 1859.972324 4324.940267 1946.283559 1868.803850
561 1827.554822 4327.045270 1957.059727 1888.340181
562 1795.528761 4328.745502 1967.741826 1907.983911
563 1763.894927 4330.043004 1978.327977 1927.734091
564 1732.653931 4330.939982 1988.816336 1947.589751
565 1701.806207 4331.438800 1999.205091 1967.549902
566 1671.352015 4331.541978 2009.492469 1987.613538
567 1641.291447 4331.252187 2019.676729 2007.779637
568 1611.624427 4330.572247 2029.756169 2028.047157
569 1582.350714 4329.505124 2039.729122 2048.415040
570 1553.469906 4328.053920 2049.593961 2068.882213
571 1524.981443 4326.221875 2059.349096 2089.447586
572 1496.884610 4324.012363 2068.992975 2110.110052
573 1469.178538 4321.428884 2078.524088 2130.868490
574 1441.862209 4318.475063 2087.940962 2151.721765
575 1414.934463 4315.154645 2097.242167 2172.668725
576 1388.393997 4311.471486 2106.426313 2193.708205
577 1362.239369 4307.429555 2115.492049 2214.839027
578 1336.469005 4303.032927 2124.438069 2236.059999
579 1311.081200 4298.285779 2133.263106 2257.369916
580 1286.074119 4293.192384 2141.965936 2278.767561
581 1261.445809 4287.757109 2150.545378 2300.251705
582 1237.194194 4281.984408 2159.000292 2321.821106
583 1213.317086 4275.878819 2167.329581 2343.474514
584 1189.812184 4269.444958 2175.532193 2365.210665
585 1166.677082 4262.687516 2183.607115 2387.028286
586 1143.909270 4255.611254 2191.553382 2408.926094
587 1121.506138 4248.220998 2199.370068 2430.902796
588 1099.464983 4240.521635 2207.056291 2452.957092
589 1077.783009 4232.518108 2214.611214 2475.087669
590 1056.457335 4224.215413 2222.034040 2497.293212
591 1035.484995 4215.618595 2229.324018 2519.572392
592 1014.862946 4206.732739 2236.480438 2541.923878
593 994.588068 4197.562973 2243.502632 2564.346328
594 974.657170 4188.114459 2250.389976 2586.838395
595 955.066995 4178.392389 2257.141888 2609.398728
596 935.814222 4168.401984 2263.757827 2632.025967
597 916.895467 4158.148487 2270.237296 2654.718750
598 898.307297 4147.637159 2276.579837 2677.475707
599 880.046221 4136.873278 2282.785036 2700.295465
600 862.108702 4125.862131 2288.852518 2723.176649
601 844.491157 4114.609016 2294.781949 2746.117878
602 827.189960 4103.119235 2300.573036 2769.117768
603 810.201449 4091.398092 2306.225525 2792.174934
604 793.521926 4079.450886 2311.739201 2815.287986
605 777.147665 4067.282911 2317.113889 2838.455535
606 761.074909 4054.899448 2322.349454 2861.676189
607 745.299878 4042.305772 2327.445797 2884.948554
608 729.818770 4029.507138 2332.402857 2908.271236
609 714.627764 4016.508784 2337.220611 2931.642841
610 699.723024 4003.315928 2341.899074 2955.061975
611 685.100701 3989.933763 2346.438293 2978.527243
612 670.756936 3976.367457 2350.838354 3002.037252
613 656.687863 3962.622149 2355.099378 3025.590610
614 642.889611 3948.702946 2359.221518 3049.185925
615 629.358306 3934.614922 2363.204964 3072.821809
616 616.090076 3920.363114 2367.049936 3096.496874
617 603.081053 3905.952521 2370.756691 3120.209735
618 590.327376 3891.388101 2374.325514 3143.959010
619 577.825187 3876.674769 2377.756724 3167.743320
620 565.570641 3861.817397 2381.050672 3191.561289
621 553.559905 3846.820813 2384.207736 3215.411546
622 541.789158 3831.689795 2387.228327 3239.292721
623 530.254596 3816.429071 2390.112883 3263.203451
624 518.952434 3801.043320 2392.861870 3287.142376
625 507.878904 3785.537170 2395.475784 3311.108143
626 497.030260 3769.915193 2397.955146 3335.099401
627 486.402780 3754.181909 2400.300505 3359.114806
628 475.992764 3738.341781 2402.512435 3383.153020
629 465.796542 3722.399212 2404.591536 3407.212710
630 455.810466 3706.358553 2406.538432 3431.292549
631 446.030921 3690.224092 2408.353769 3455.391218
632 436.454317 3674.000059 2410.038221 3479.507403
633 427.077100 3657.690624 2411.592479 3503.639797
634 417.895744 3641.299894 2413.017261 3527.787101
635 408.906759 3624.831918 2414.313302 3551.948022
636 400.106687 3608.290678 2415.481361 3576.121274
637 391.492106 3591.680096 2416.522215 3600.305582
638 383.059630 3575.004033 2417.436661 3624.499676
639 374.805908 3558.266283 2418.225516 3648.702294
640 366.727627 3541.470577 2418.889612 3672.912183
641 358.821514 3524.620585 2419.429802 3697.128099
642 351.084331 3507.719910 2419.846954 3721.348806
643 343.512882 3490.772091 2420.141951 3745.573076
644 336.104008 3473.780606 2420.315695 3769.799691
645 328.854592 3456.748865 2420.369100 3794.027443
646 321.761556 3439.680217 2420.303096 3818.255131
647 314.821866 3422.577943 2420.118627 3842.481564
648 308.032524 3405.445265 2419.816649 3866.705562
649 301.390578 3388.285337 2419.398132 3890.925953
650 294.893113 3371.101254 2418.864057 3915.141576
651 288.537261 3353.896043 2418.215418 3939.351278
652 282.320191 3336.672673 2417.453219 3963.553918
653 276.239116 3319.434046 2416.578474 3987.748364
654 270.291292 3302.183006 2415.592208 4011.933495
655 264.474014 3284.922332 2414.495454 4036.108200
656 258.784622 3267.654744 2413.289257 4060.271377
657 253.220497 3250.382900 2411.974666 4084.421937
658 247.779060 3233.109399 2410.552741 4108.558800
659 242.457776 3215.836779 2409.024549 4132.680897
660 237.254150 3198.567519 2407.391162 4156.787169
661 232.165730 3181.304041 2405.653661 4180.876569
662 227.190104 3164.048707 2403.813130 4204.948060
663 222.324900 3146.803823 2401.870661 4229.000616
664 217.567790 3129.571638 2399.827350 4253.033222
665 212.916484 3112.354344 2397.684298 4277.044874
666 208.368731 3095.154080 2395.442609 4301.034580
667 203.922324 3077.972927 2393.103391 4325.001358
668 199.575092 3060.812914 2390.667758 4348.944236
669 195.324904 3043.676017 2388.136822 4372.862256
670 191.169669 3026.564160 2385.511702 4396.754469
671 187.107334 3009.479212 2382.793516 4420.619938
672 183.135884 2992.422995 2379.983385 4444.457736
673 179.253341 2975.397277 2377.082432 4468.266950
674 175.457765 2958.403780 2374.091780 4492.046675
675 171.747255 2941.444172 2371.012554 4515.796019
676 168.119943 2924.520079 2367.845876 4539.514102
677 164.574000 2907.633075 2364.592872 4563.200053
678 161.107630 2890.784691 2361.254664 4586.853014
679 157.719074 2873.976411 2357.832377 4610.472138
680 154.406607 2857.209672 2354.327132 4634.056589
681 151.168539 2840.485869 2350.740051 4657.605541
682 148.003214 2823.806353 2347.072251 4681.118182
683 144.909008 2807.172432 2343.324851 4704.593709
684 141.884331 2790.585372 2339.498966 4728.031331
685 138.927625 2774.046400 2335.595708 4751.430267
686 136.037364 2757.556699 2331.616188 4774.789749
687 133.212053 2741.117416 2327.561512 4798.109019
688 130.450229 2724.729656 2323.432785 4821.387330
689 127.750457 2708.394489 2319.231107 4844.623946
690 125.111336 2692.112945 2314.957575 4867.818143
691 122.531492 2675.886019 2310.613283 4890.969207
692 120.009579 2659.714668 2306.199318 4914.076435
693 117.544282 2643.599818 2301.716765 4937.139135
694 115.134313 2627.542356 2297.166706 4960.156626
695 112.778412 2611.543137 2292.550215 4983.128237
696 110.475345 2595.602984 2287.868363 5006.053309
697 108.223905 2579.722687 2283.122215 5028.931193
698 106.022912 2563.903005 2278.312833 5051.761250
699 103.871212 2548.144664 2273.441270 5074.542854
700 101.767673 2532.448364 2268.508577 5097.275386
701 99.711193 2516.814770 2263.515797 5119.958240
702 97.700689 2501.244522 2258.463968 5142.590820
703 95.735106 2485.738232 2253.354122 5165.172541
704 93.813410 2470.296481 2248.187285 5187.702825
705 91.934590 2454.919826 2242.964476 5210.181108
706 90.097660 2439.608796 2237.686709 5232.606835
707 88.301653 2424.363896 2232.354989 5254.979461
708 86.545626 2409.185605 2226.970319 5277.298450
709 84.828655 2394.074378 2221.533690 5299.563278
710 83.149838 2379.030644 2216.046089 5321.773429
711 81.508294 2364.054811 2210.508497 5343.928398
712 79.903162 2349.147263 2204.921885 5366.027690
713 78.333598 2334.308364 2199.287220 5388.070818
714 76.798781 2319.538453 2193.605460 5410.057307
715 75.297906 2304.837850 2187.877555 5431.986689
716 73.830187 2290.206854 2182.104451 5453.858508
717 72.394857 2275.645745 2176.287082 5475.672316
718 70.991165 2261.154781 2170.426379 5497.427675
719 69.618379 2246.734203 2164.523263 5519.124154
720 68.275783 2232.384233 2158.578648 5540.761335
721 66.962678 2218.105075 2152.593440 5562.338807
722 65.678379 2203.896916 2146.568538 5583.856167
723 64.422221 2189.759924 2140.504833 5605.313022
724 63.193550 2175.694252 2134.403208 5626.708990
725 61.991731 2161.700036 2128.264539 5648.043694
726 60.816142 2147.777398 2122.089692 5669.316768
727 59.666174 2133.926443 2115.879528 5690.527854
728 58.541236 2120.147262 2109.634899 5711.676603
729 57.440747 2106.439929 2103.356649 5732.762675
730 56.364142 2092.804509 2097.045613 5753.785736
731 55.310868 2079.241049 2090.702620 5774.745463
732 54.280386 2065.749583 2084.328490 5795.641541
733 53.272169 2052.330136 2077.924035 5816.473660
734 52.285703 2038.982715 2071.490059 5837.241523
735 51.320484 2025.707320 2065.027359 5857.944837
736 50.376024 2012.503935 2058.536722 5878.583319
737 49.451842 1999.372536 2052.018930 5899.156693
738 48.547471 1986.313085 2045.474753 5919.664691
739 47.662455 1973.325535 2038.904957 5940.107053
740 46.796348 1960.409829 2032.310298 5960.483526
741 45.948714 1947.565898 2025.691523 5980.793865
742 45.119128 1934.793665 2019.049374 6001.037833
743 44.307176 1922.093043 2012.384583 6021.215198
744 43.512453 1909.463935 2005.697873 6041.325739
745 42.734562 1896.906236 1998.989963 6061.369239
746 41.973119 1884.419831 1992.261560 6081.345490
747 41.227746 1872.004600 1985.513365 6101.254289
748 40.498075 1859.660411 1978.746071 6121.095443
749 39.783746 1847.387127 1971.960363 6140.868764
750 39.084410 1835.184601 1965.156918 6160.574070
751 38.399724 1823.052682 1958.336407 6180.211188
752 37.729353 1810.991208 1951.499490 6199.779949
753 37.072971 1799.000014 1944.646821 6219.280194
754 36.430260 1787.078926 1937.779047 6238.711767
755 35.800908 1775.227765 1930.896806 6258.074521
756 35.184613 1763.446344 1924.000730 6277.368314
757 34.581077 1751.734472 1917.091441 6296.593010
758 33.990011 1740.091951 1910.169556 6315.748481
759 33.411134 1728.518580 1903.235683 6334.834603
760 32.844168 1717.014150 1896.290423 6353.851259
761 32.288845 1705.578448 1889.334368 6372.798339
762 31.744903 1694.211255 1882.368105 6391.675737
763 31.212083 1682.912350 1875.392213 6410.483354
764 30.690137 1671.681504 1868.407262 6429.221097
765 30.178820 1660.518487 1861.413817 6447.888877
766 29.677892 1649.423063 1854.412434 6466.486612
767 29.187120 1638.394991 1847.403662 6485.014226
768 28.706278 1627.434029 1840.388045 6503.471647
769 28.235143 1616.539929 1833.366117 6521.858810
770 27.773498 1605.712441 1826.338407 6540.175654
771 27.321131 1594.951310 1819.305435 6558.422124
772 26.877835 1584.256279 1812.267716 6576.598170
773 26.443409 1573.627087 1805.225757 6594.703746
774 26.017656 1563.063472 1798.180058 6612.738813
775 25.600383 1552.565168 1791.131113 6630.703336
776 25.191403 1542.131904 1784.079408 6648.597285
777 24.790531 1531.763411 1777.025424 6666.420634
778 24.397589 1521.459414 1769.969634 6684.173363
779 24.012401 1511.219637 1762.912505 6701.855457
780 23.634798 1501.043802 1755.854496 6719.466904
781 23.264612 1490.931629 1748.796062 6737.007698
782 22.901680 1480.882835 1741.737649 6754.477836
783 22.545844 1470.897136 1734.679698 6771.877322
784 22.196948 1460.974248 1727.622643 6789.206161
785 21.854840 1451.113881 1720.566913 6806.464366
786 21.519372 1441.315747 1713.512929 6823.651951
787 21.190401 1431.579556 1706.461107 6840.768937
788 20.867784 1421.905016 1699.411855 6857.815345
789 20.551383 1412.291834 1692.365577 6874.791206
790 20.241065 1402.739715 1685.322671 6891.696549
791 19.936696 1393.248365 1678.283527 6908.531412
792 19.638150 1383.817486 1671.248531 6925.295833
793 19.345299 1374.446783 1664.218061 6941.989856
794 19.058023 1365.135957 1657.192492 6958.613528
795 18.776200 1355.884709 1650.172190 6975.166901
796 18.499715 1346.692739 1643.157519 6991.650027
797 18.228452 1337.559748 1636.148833 7008.062967
798 17.962300 1328.485436 1629.146483 7024.405781
799 17.701151 1319.469500 1622.150815 7040.678534
800 17.444897 1310.511639 1615.162168 7056.881296
801 17.193435 1301.611552 1608.180875 7073.014138
802 16.946663 1292.768937 1601.207266 7089.077135
803 16.704481 1283.983491 1594.241662 7105.070366
804 16.466793 1275.254911 1587.284383 7120.993913
805 16.233504 1266.582895 1580.335741 7136.847860
806 16.004521 1257.967141 1573.396042 7152.632296
807 15.779755 1249.407345 1566.465589 7168.347311
808 15.559115 1240.903205 1559.544680 7183.993000
809 15.342516 1232.454419 1552.633605 7199.569460
810 15.129874 1224.060684 1545.732652 7215.076790
811 14.921106 1215.721697 1538.842103 7230.515093
812 14.716132 1207.437158 1531.962235 7245.884475
813 14.514872 1199.206764 1525.093320 7261.185044
814 14.317250 1191.030214 1518.235625 7276.416911
815 14.123191 1182.907206 1511.389413 7291.580190
816 13.932620 1174.837441 1504.554942 7306.674997
817 13.745466 1166.820619 1497.732465 7321.701450
818 13.561659 1158.856439 1490.922231 7336.659672
819 13.381130 1150.944602 1484.124483 7351.549785
820 13.203812 1143.084810 1477.339462 7366.371916
821 13.029640 1135.276765 1470.567401 7381.126194
822 12.858549 1127.520169 1463.808533 7395.812749
823 12.690476 1119.814726 1457.063083 7410.431715
824 12.525360 1112.160139 1450.331274 7424.983226
825 12.363142 1104.556114 1443.613322 7439.467422
826 12.203763 1097.002355 1436.909441 7453.884441
827 12.047165 1089.498568 1430.219842 7468.234425
828 11.893292 1082.044461 1423.544728 7482.517519
829 11.742090 1074.639741 1416.884300 7496.733868
830 11.593505 1067.284117 1410.238757 7510.883621
831 11.447485 1059.977297 1403.608290 7524.966927
832 11.303979 1052.718993 1396.993090 7538.983938
833 11.162936 1045.508915 1390.393341 7552.934808
834 11.024307 1038.346776 1383.809224 7566.819693
835 10.888046 1031.232288 1377.240917 7580.638749
836 10.754104 1024.165166 1370.688594 7594.392137
837 10.622435 1017.145124 1364.152425 7608.080016
838 10.492996 1010.171877 1357.632576 7621.702550
839 10.365743 1003.245145 1351.129210 7635.259902
840 10.240632 996.364643 1344.642486 7648.752239
841 10.117621 989.530091 1338.172560 7662.179728
842 9.996670 982.741209 1331.719583 7675.542537
843 9.877738 975.997719 1325.283705 7688.840838
844 9.760787 969.299341 1318.865071 7702.074801
845 9.645777 962.645801 1312.463821 7715.244601
846 9.532671 956.036821 1306.080096 7728.350412
847 9.421433 949.472128 1299.714030 7741.392410
848 9.312026 942.951448 1293.365754 7754.370772
849 9.204415 936.474509 1287.035399 7767.285678
850 9.098565 930.041040 1280.723088 7780.137307
851 8.994444 923.650771 1274.428945 7792.925840
852 8.892018 917.303432 1268.153089 7805.651461
853 8.791254 910.998758 1261.895636 7818.314352
854 8.692122 904.736480 1255.656700 7830.914698
855 8.594590 898.516334 1249.436390 7843.452686
856 8.498627 892.338056 1243.234814 7855.928502
857 8.404205 886.201383 1237.052076 7868.342335
858 8.311295 880.106054 1230.888279 7880.694373
859 8.219867 874.051807 1224.743519 7892.984806
860 8.129894 868.038385 1218.617895 7905.213826
861 8.041349 862.065528 1212.511498 7917.381625
862 7.954205 856.132981 1206.424418 7929.488395
863 7.868437 850.240487 1200.356745 7941.534331
864 7.784018 844.387793 1194.308562 7953.519626
865 7.700924 838.574646 1188.279953 7965.444478
866 7.619130 832.800793 1182.270997 7977.309081
867 7.538612 827.065984 1176.281771 7989.113632
868 7.459347 821.369971 1170.312351 8000.858331
869 7.381311 815.712505 1164.362809 8012.543375
870 7.304483 810.093339 1158.433214 8024.168965
871 7.228840 804.512228 1152.523634 8035.735298
872 7.154360 798.968927 1146.634134 8047.242578
873 7.081023 793.463195 1140.764778 8058.691004
874 7.008808 787.994788 1134.915625 8070.080779
875 6.937694 782.563468 1129.086733 8081.412105
876 6.867661 777.168993 1123.278160 8092.685186
877 6.798691 771.811128 1117.489957 8103.900224
878 6.730764 766.489634 1111.722177 8115.057425
879 6.663861 761.204277 1105.974869 8126.156993
880 6.597964 755.954823 1100.248081 8137.199133
881 6.533055 750.741038 1094.541857 8148.184050
882 6.469117 745.562692 1088.856240 8159.111951
883 6.406132 740.419553 1083.191272 8169.983043
884 6.344083 735.311394 1077.546992 8180.797531
885 6.282954 730.237986 1071.923436 8191.555624
886 6.222729 725.199102 1066.320640 8202.257529
887 6.163392 720.194518 1060.738637 8212.903454
888 6.104927 715.224009 1055.177458 8223.493607
889 6.047318 710.287352 1049.637132 8234.028198
890 5.990552 705.384327 1044.117687 8244.507433
891 5.934614 700.514713 1038.619149 8254.931524
892 5.879488 695.678291 1033.141541 8265.300679
893 5.825161 690.874843 1027.684887 8275.615109
894 5.771620 686.104153 1022.249206 8285.875021
895 5.718850 681.366005 1016.834517 8296.080628
896 5.666839 676.660186 1011.440836 8306.232139
897 5.615572 671.986483 1006.068181 8316.329764
898 5.565039 667.344683 1000.716564 8326.373714
899 5.515225 662.734578 995.385997 8336.364200
900 5.466120 658.155957 990.076491 8346.301432
901 5.417710 653.608613 984.788055 8356.185621
902 5.369985 649.092340 979.520697 8366.016979
903 5.322931 644.606931 974.274422 8375.795716
904 5.276539 640.152182 969.049235 8385.522043
905 5.230798 635.727892 963.845139 8395.196171
906 5.185695 631.333857 958.662136 8404.818312
907 5.141221 626.969877 953.500226 8414.388677
908 5.097364 622.635753 948.359407 8423.907476
909 5.054116 618.331287 943.239676 8433.374921
910 5.011465 614.056281 938.141031 8442.791224
911 4.969401 609.810539 933.063466 8452.156594
912 4.927916 605.593868 928.006973 8461.471243
913 4.886999 601.406073 922.971545 8470.735382
914 4.846642 597.246962 917.957174 8479.949222
915 4.806834 593.116344 912.963848 8489.112974
916 4.767567 589.014030 907.991556 8498.226847
917 4.728833 584.939829 903.040285 8507.291053
918 4.690621 580.893555 898.110022 8516.305802
919 4.652925 576.875021 893.200750 8525.271304
920 4.615736 572.884042 888.312454 8534.187769
921 4.579045 568.920433 883.445116 8543.055407
922 4.542844 564.984011 878.598717 8551.874427
923 4.507126 561.074594 873.773239 8560.645040
924 4.471883 557.192002 868.968660 8569.367455
925 4.437107 553.336055 864.184958 8578.041880
926 4.402791 549.506573 859.422111 8586.668525
927 4.368927 545.703381 854.680095 8595.247597
928 4.335509 541.926300 849.958885 8603.779307
929 4.302528 538.175156 845.258455 8612.263861
930 4.269979 534.449775 840.578779 8620.701467
931 4.237855 530.749983 835.919828 8629.092334
932 4.206148 527.075609 831.281575 8637.436668
933 4.174853 523.426481 826.663990 8645.734676
934 4.143962 519.802430 822.067041 8653.986566
935 4.113470 516.203287 817.490699 8662.192544
936 4.083371 512.628884 812.934930 8670.352815
937 4.053657 509.079054 808.399703 8678.467586
938 4.024324 505.553633 803.884982 8686.537062
939 3.995365 502.052454 799.390733 8694.561448
940 3.966775 498.575355 794.916921 8702.540948
941 3.938548 495.122173 790.463510 8710.475768
942 3.910678 491.692747 786.030463 8718.366112
943 3.883160 488.286917 781.617741 8726.212182
944 3.855989 484.904522 777.225307 8734.014182
945 3.829159 481.545405 772.853120 8741.772316
946 3.802665 478.209408 768.501142 8749.486785
947 3.776502 474.896375 764.169332 8757.157791
948 3.750666 471.606150 759.857648 8764.785537
949 3.725150 468.338579 755.566048 8772.370223
950 3.699951 465.093509 751.294489 8779.912051
951 3.675063 461.870787 747.042929 8787.411221
952 3.650482 458.670262 742.811324 8794.867932
953 3.626203 455.491784 738.599628 8802.282385
954 3.602222 452.335202 734.407798 8809.654778
955 3.578535 449.200369 730.235786 8816.985310
956 3.555137 446.087137 726.083547 8824.274179
957 3.532023 442.995359 721.951034 8831.521583
958 3.509190 439.924890 717.838200 8838.727719
959 3.486634 436.875586 713.744997 8845.892783
960 3.464350 433.847301 709.671376 8853.016973
961 3.442334 430.839894 705.617287 8860.100484
962 3.420583 427.853223 701.582683 8867.143510
963 3.399093 424.887146 697.567512 8874.146248
964 3.377860 421.941525 693.571725 8881.108891
965 3.356880 419.016218 689.595270 8888.031632
966 3.336149 416.111089 685.638096 8894.914666
967 3.315664 413.226000 681.700151 8901.758185
968 3.295422 410.360815 677.781383 8908.562381
969 3.275418 407.515398 673.881739 8915.327446
970 3.255650 404.689614 670.001165 8922.053570
971 3.236115 401.883330 666.139610 8928.740946
972 3.216808 399.096413 662.297018 8935.389762
973 3.197727 396.328730 658.473335 8942.000208
974 3.178868 393.580152 654.668506 8948.572474
975 3.160228 390.850547 650.882478 8955.106748
976 3.141805 388.139786 647.115193 8961.603217
977 3.123595 385.447740 643.366596 8968.062069
978 3.105594 382.774282 639.636632 8974.483491
979 3.087802 380.119286 635.925243 8980.867669
980 3.070213 377.482624 632.232374 8987.214789
981 3.052826 374.864172 628.557966 8993.525036
982 3.035638 372.263805 624.901963 8999.798594
983 3.018645 369.681400 621.264307 9006.035647
984 3.001846 367.116835 617.644940 9012.236379
985 2.985238 364.569986 614.043804 9018.400972
986 2.968817 362.040734 610.460841 9024.529608
987 2.952582 359.528957 606.895990 9030.622470
988 2.936530 357.034537 603.349195 9036.679739
989 2.920658 354.557354 599.820395 9042.701593
990 2.904964 352.097291 596.309530 9048.688215
991 2.889445 349.654231 592.816542 9054.639782
992 2.874100 347.228057 589.341371 9060.556473
993 2.858925 344.818653 585.883955 9066.438467
994 2.843919 342.425905 582.444235 9072.285941
995 2.829079 340.049699 579.022151 9078.099071
996 2.814403 337.689922 575.617641 9083.878034
997 2.799888 335.346460 572.230645 9089.623006
998 2.785534 333.019203 568.861102 9095.334162
999 2.771337 330.708038 565.508950 9101.011675
