0.000000 9999.000000 0.000000 1.000000 0.000000
0.120120 9998.892534 0.107015 0.988509 0.011942
0.240240 9998.786255 0.211951 0.978042 0.023752
0.360360 9998.681055 0.314935 0.968568 0.035442
0.480480 9998.576828 0.416087 0.960060 0.047025
0.600601 9998.473470 0.515527 0.952492 0.058511
0.720721 9998.370882 0.613368 0.945839 0.069911
0.840841 9998.268966 0.709721 0.940076 0.081237
0.960961 9998.167626 0.804693 0.935182 0.092499
1.081081 9998.066771 0.898387 0.931135 0.103707
1.201201 9997.966309 0.990905 0.927914 0.114872
1.321321 9997.866152 1.082345 0.925500 0.126003
1.441441 9997.766215 1.172800 0.923875 0.137109
1.561562 9997.666412 1.262364 0.923022 0.148201
1.681682 9997.566662 1.351127 0.922924 0.159287
1.801802 9997.466883 1.439174 0.923567 0.170376
1.921922 9997.366996 1.526592 0.924934 0.181478
2.042042 9997.266924 1.613462 0.927014 0.192600
2.162162 9997.166590 1.699865 0.929793 0.203751
2.282282 9997.065920 1.785881 0.933259 0.214940
2.402402 9996.964840 1.871584 0.937401 0.226175
2.522523 9996.863276 1.957051 0.942210 0.237463
2.642643 9996.761159 2.042354 0.947674 0.248813
2.762763 9996.658417 2.127565 0.953786 0.260232
2.882883 9996.554981 2.212754 0.960537 0.271729
3.003003 9996.450782 2.297988 0.967919 0.283311
3.123123 9996.345753 2.383336 0.975926 0.294985
3.243243 9996.239826 2.468864 0.984551 0.306759
3.363363 9996.132935 2.554635 0.993790 0.318640
3.483483 9996.025014 2.640714 1.003636 0.330636
3.603604 9995.915997 2.727164 1.014085 0.342754
3.723724 9995.805820 2.814045 1.025134 0.355001
3.843844 9995.694418 2.901418 1.036780 0.367384
3.963964 9995.581726 2.989344 1.049019 0.379911
4.084084 9995.467682 3.077881 1.061849 0.392588
4.204204 9995.352220 3.167088 1.075268 0.405423
4.324324 9995.235278 3.257022 1.089276 0.418423
4.444444 9995.116792 3.347741 1.103872 0.431595
4.564565 9994.996699 3.439301 1.119055 0.444945
4.684685 9994.874934 3.531759 1.134826 0.458481
4.804805 9994.751435 3.625169 1.151186 0.472210
4.924925 9994.626139 3.719587 1.168134 0.486140
5.045045 9994.498980 3.815069 1.185674 0.500276
5.165165 9994.369896 3.911669 1.203808 0.514627
5.285285 9994.238823 4.009442 1.222537 0.529199
5.405405 9994.105695 4.108441 1.241865 0.543999
5.525526 9993.970448 4.208722 1.261794 0.559036
5.645646 9993.833017 4.310338 1.282330 0.574315
5.765766 9993.693336 4.413344 1.303475 0.589845
5.885886 9993.551340 4.517793 1.325235 0.605632
6.006006 9993.406962 4.623739 1.347614 0.621685
6.126126 9993.260134 4.731238 1.370618 0.638010
6.246246 9993.110789 4.840343 1.394253 0.654615
6.366366 9992.958858 4.951110 1.418524 0.671508
6.486486 9992.804274 5.063592 1.443438 0.688696
6.606607 9992.646965 5.177845 1.469003 0.706188
6.726727 9992.486861 5.293924 1.495224 0.723990
6.846847 9992.323892 5.411885 1.522111 0.742112
6.966967 9992.157985 5.531785 1.549671 0.760560
7.087087 9991.989066 5.653678 1.577912 0.779344
7.207207 9991.817063 5.777623 1.606843 0.798471
7.327327 9991.641900 5.903677 1.636473 0.817949
7.447447 9991.463501 6.031898 1.666812 0.837788
7.567568 9991.281790 6.162344 1.697870 0.857996
7.687688 9991.096688 6.295074 1.729657 0.878581
7.807808 9990.908116 6.430148 1.762184 0.899552
7.927928 9990.715995 6.567626 1.795461 0.920919
8.048048 9990.520242 6.707569 1.829500 0.942689
8.168168 9990.320775 6.850039 1.864313 0.964874
8.288288 9990.117509 6.995099 1.899912 0.987481
8.408408 9989.910360 7.142811 1.936309 1.010520
8.528529 9989.699241 7.293240 1.973517 1.034002
8.648649 9989.484064 7.446450 2.011551 1.057935
8.768769 9989.264738 7.602509 2.050422 1.082331
8.888889 9989.041175 7.761481 2.090146 1.107198
9.009009 9988.813279 7.923436 2.130737 1.132548
9.129129 9988.580958 8.088442 2.172209 1.158391
9.249249 9988.344117 8.256568 2.214578 1.184737
9.369369 9988.102656 8.427886 2.257860 1.211597
9.489489 9987.856478 8.602467 2.302071 1.238983
9.609610 9987.605481 8.780385 2.347227 1.266906
9.729730 9987.349564 8.961714 2.393345 1.295377
9.849850 9987.088621 9.146528 2.440443 1.324408
9.969970 9986.822546 9.334906 2.488537 1.354010
10.090090 9986.551231 9.526924 2.537648 1.384197
10.210210 9986.274567 9.722663 2.587792 1.414979
10.330330 9985.992439 9.922202 2.638989 1.446370
10.450450 9985.704735 10.125623 2.691259 1.478382
10.570571 9985.411338 10.333011 2.744622 1.511029
10.690691 9985.112129 10.544450 2.799097 1.544324
10.810811 9984.806988 10.760025 2.854707 1.578279
10.930931 9984.495792 10.979826 2.911472 1.612910
11.051051 9984.178414 11.203941 2.969415 1.648229
11.171171 9983.854729 11.432462 3.028557 1.684252
11.291291 9983.524605 11.665481 3.088922 1.720992
11.411411 9983.187910 11.903092 3.150533 1.758465
11.531532 9982.844508 12.145392 3.213414 1.796686
11.651652 9982.494263 12.392478 3.277589 1.835670
11.771772 9982.137034 12.644451 3.343083 1.875432
11.891892 9981.772677 12.901411 3.409923 1.915989
12.012012 9981.401048 13.163462 3.478133 1.957358
12.132132 9981.021997 13.430709 3.547740 1.999554
12.252252 9980.635374 13.703259 3.618773 2.042594
12.372372 9980.241023 13.981222 3.691258 2.086497
12.492492 9979.838788 14.264710 3.765223 2.131279
12.612613 9979.428508 14.553835 3.840698 2.176959
12.732733 9979.010020 14.848712 3.917713 2.223554
12.852853 9978.583157 15.149461 3.996297 2.271084
12.972973 9978.147749 15.456201 4.076482 2.319568
13.093093 9977.703623 15.769054 4.158299 2.369024
13.213213 9977.250603 16.088144 4.241779 2.419474
13.333333 9976.788508 16.413600 4.326957 2.470936
13.453453 9976.317154 16.745550 4.413864 2.523432
13.573574 9975.836356 17.084126 4.502536 2.576982
13.693694 9975.345921 17.429464 4.593007 2.631608
13.813814 9974.845656 17.781699 4.685314 2.687332
13.933934 9974.335362 18.140972 4.779491 2.744175
14.054054 9973.814837 18.507425 4.875577 2.802162
14.174174 9973.283874 18.881203 4.973609 2.861314
14.294294 9972.742264 19.262455 5.073626 2.921656
14.414414 9972.189792 19.651331 5.175666 2.983211
14.534535 9971.626239 20.047984 5.279772 3.046004
14.654655 9971.051384 20.452573 5.385982 3.110061
14.774775 9970.464997 20.865257 5.494340 3.175406
14.894895 9969.866849 21.286198 5.604888 3.242066
15.015015 9969.256702 21.715562 5.717669 3.310067
15.135135 9968.634316 22.153520 5.832728 3.379436
15.255255 9967.999445 22.600243 5.950110 3.450202
15.375375 9967.351838 23.055908 6.069862 3.522391
15.495495 9966.691241 23.520695 6.192030 3.596034
15.615616 9966.017393 23.994785 6.316664 3.671159
15.735736 9965.330028 24.478365 6.443811 3.747796
15.855856 9964.628875 24.971627 6.573523 3.825975
15.975976 9963.913660 25.474762 6.705849 3.905729
16.096096 9963.184100 25.987970 6.840843 3.987088
16.216216 9962.439908 26.511451 6.978557 4.070084
16.336336 9961.680791 27.045411 7.119047 4.154752
16.456456 9960.906452 27.590059 7.262366 4.241124
16.576577 9960.116586 28.145608 7.408571 4.329234
16.696697 9959.310883 28.712277 7.557721 4.419119
16.816817 9958.489027 29.290286 7.709873 4.510813
16.936937 9957.650695 29.879863 7.865088 4.604354
17.057057 9956.795558 30.481238 8.023427 4.699777
17.177177 9955.923282 31.094645 8.184952 4.797121
17.297297 9955.033525 31.720324 8.349726 4.896425
17.417417 9954.125937 32.358520 8.517814 4.997729
17.537538 9953.200164 33.009482 8.689283 5.101071
17.657658 9952.255844 33.673463 8.864200 5.206494
17.777778 9951.292607 34.350722 9.042633 5.314039
17.897898 9950.310076 35.041522 9.224653 5.423749
18.018018 9949.307869 35.746134 9.410331 5.535667
18.138138 9948.285592 36.464830 9.599739 5.649838
18.258258 9947.242849 37.197891 9.792954 5.766306
18.378378 9946.179231 37.945601 9.990049 5.885119
18.498498 9945.094324 38.708250 10.191103 6.006324
18.618619 9943.987705 39.486134 10.396194 6.129967
18.738739 9942.858944 40.279555 10.605402 6.256098
18.858859 9941.707600 41.088821 10.818811 6.384768
18.978979 9940.533227 41.914244 11.036502 6.516027
19.099099 9939.335366 42.756145 11.258562 6.649927
19.219219 9938.113554 43.614848 11.485078 6.786521
19.339339 9936.867314 44.490685 11.716137 6.925863
19.459459 9935.596165 45.383996 11.951831 7.068008
19.579580 9934.299612 46.295124 12.192252 7.213013
19.699700 9932.977153 47.224420 12.437493 7.360934
19.819820 9931.628276 48.172244 12.687650 7.511831
19.939940 9930.252458 49.138959 12.942821 7.665763
20.060060 9928.849167 50.124937 13.203105 7.822790
20.180180 9927.417861 51.130558 13.468605 7.982975
20.300300 9925.957987 52.156208 13.739423 8.146382
20.420420 9924.468981 53.202280 14.015666 8.313073
20.540541 9922.950269 54.269175 14.297440 8.483116
20.660661 9921.401264 55.357302 14.584855 8.656578
20.780781 9919.821372 56.467078 14.878024 8.833526
20.900901 9918.209982 57.598926 15.177060 9.014031
21.021021 9916.566476 58.753280 15.482080 9.198164
21.141141 9914.890222 59.930579 15.793202 9.385998
21.261261 9913.180576 61.131272 16.110546 9.577606
21.381381 9911.436882 62.355818 16.434236 9.773063
21.501502 9909.658472 63.604682 16.764398 9.972448
21.621622 9907.844665 64.878338 17.101159 10.175838
21.741742 9905.994766 66.177270 17.444650 10.383314
21.861862 9904.108068 67.501972 17.795004 10.594956
21.981982 9902.183850 68.852944 18.152357 10.810849
22.102102 9900.221378 70.230699 18.516846 11.031077
22.222222 9898.219903 71.635757 18.888612 11.255728
22.342342 9896.178664 73.068649 19.267799 11.484888
22.462462 9894.096884 74.529915 19.654553 11.718648
22.582583 9891.973770 76.020107 20.049023 11.957100
22.702703 9889.808517 77.539783 20.451362 12.200338
22.822823 9887.600303 79.089517 20.861724 12.448456
22.942943 9885.348292 80.669889 21.280267 12.701553
23.063063 9883.051631 82.281491 21.707151 12.959727
23.183183 9880.709451 83.924928 22.142541 13.223080
23.303303 9878.320868 85.600813 22.586605 13.491715
23.423423 9875.884981 87.309772 23.039511 13.765737
23.543544 9873.400871 89.052442 23.501434 14.045253
23.663664 9870.867605 90.829473 23.972550 14.330372
23.783784 9868.284230 92.641523 24.453040 14.621207
23.903904 9865.649775 94.489267 24.943087 14.917871
24.024024 9862.963254 96.373388 25.442878 15.220480
24.144144 9860.223660 98.294585 25.952604 15.529151
24.264264 9857.429969 100.253565 26.472459 15.844006
24.384384 9854.581138 102.251053 27.002642 16.165168
24.504505 9851.676104 104.287783 27.543352 16.492761
24.624625 9848.713786 106.364504 28.094797 16.826913
24.744745 9845.693083 108.481978 28.657185 17.167754
24.864865 9842.612872 110.640980 29.230729 17.515418
24.984985 9839.472012 112.842301 29.815647 17.870040
25.105105 9836.269341 115.086742 30.412160 18.231757
25.225225 9833.003675 117.375122 31.020493 18.600709
25.345345 9829.673809 119.708273 31.640876 18.977042
25.465465 9826.278517 122.087041 32.273543 19.360900
25.585586 9822.816550 124.512286 32.918732 19.752432
25.705706 9819.286637 126.984887 33.576685 20.151791
25.825826 9815.687486 129.505734 34.247649 20.559132
25.945946 9812.017779 132.075733 34.931877 20.974611
26.066066 9808.276177 134.695809 35.629625 21.398390
26.186186 9804.461316 137.366898 36.341153 21.830633
26.306306 9800.571809 140.089957 37.066727 22.271507
26.426426 9796.606244 142.865955 37.806619 22.721182
26.546547 9792.563185 145.695880 38.561103 23.179832
26.666667 9788.441168 148.580736 39.330461 23.647635
26.786787 9784.238708 151.521544 40.114979 24.124769
26.906907 9779.954291 154.519343 40.914946 24.611420
27.027027 9775.586379 157.575187 41.730660 25.107774
27.147147 9771.133405 160.690151 42.562422 25.614022
27.267267 9766.593777 163.865324 43.410539 26.130360
27.387387 9761.965874 167.101816 44.275325 26.656985
27.507508 9757.248051 170.400754 45.157096 27.194099
27.627628 9752.438630 173.763284 46.056177 27.741909
27.747748 9747.535910 177.190568 46.972897 28.300625
27.867868 9742.538156 180.683792 47.907593 28.870459
27.987988 9737.443609 184.244155 48.860605 29.451631
28.108108 9732.250476 187.872880 49.832281 30.044362
28.228228 9726.956938 191.571207 50.822976 30.648879
28.348348 9721.561143 195.340397 51.833048 31.265412
28.468468 9716.061210 199.181729 52.862864 31.894197
28.588589 9710.455228 203.096503 53.912797 32.535472
28.708709 9704.741254 207.086039 54.983226 33.189481
28.828829 9698.917311 211.151679 56.074536 33.856474
28.948949 9692.981395 215.294782 57.187121 34.536702
29.069069 9686.931465 219.516731 58.321379 35.230425
29.189189 9680.765451 223.818928 59.477716 35.937905
29.309309 9674.481249 228.202796 60.656545 36.659409
29.429429 9668.076720 232.669781 61.858287 37.395211
29.549550 9661.549694 237.221349 63.083369 38.145588
29.669670 9654.897967 241.858986 64.332225 38.910823
29.789790 9648.119298 246.584202 65.605297 39.691204
29.909910 9641.211414 251.398527 66.903034 40.487025
30.030030 9634.172008 256.303514 68.225893 41.298584
30.150150 9626.998736 261.300738 69.574339 42.126188
30.270270 9619.689219 266.391794 70.948843 42.970144
30.390390 9612.241043 271.578301 72.349885 43.830770
30.510511 9604.651757 276.861901 73.777954 44.708388
30.630631 9596.918877 282.244254 75.233545 45.603324
30.750751 9589.039879 287.727048 76.717161 46.515913
30.870871 9581.012204 293.311989 78.229315 47.446493
30.990991 9572.833256 299.000806 79.770527 48.395412
31.111111 9564.500402 304.795252 81.341325 49.363021
31.231231 9556.010973 310.697102 82.942247 50.349678
31.351351 9547.362261 316.708151 84.573838 51.355750
31.471471 9538.551521 322.830220 86.236652 52.381607
31.591592 9529.575970 329.065149 87.931252 53.427629
31.711712 9520.432790 335.414801 89.658210 54.494199
31.831832 9511.119120 341.881062 91.418105 55.581712
31.951952 9501.632067 348.465840 93.211528 56.690564
32.072072 9491.968695 355.171064 95.039077 57.821164
32.192192 9482.126034 361.998684 96.901358 58.973925
32.312312 9472.101072 368.950673 98.798989 60.149266
32.432432 9461.890763 376.029025 100.732595 61.347618
32.552553 9451.492020 383.235754 102.702811 62.569415
32.672673 9440.901720 390.572897 104.710282 63.815102
32.792793 9430.116701 398.042509 106.755661 65.085129
32.912913 9419.133764 405.646667 108.839612 66.379957
33.033033 9407.949673 413.387468 110.962807 67.700052
33.153153 9396.561153 421.267028 113.125929 69.045890
33.273273 9384.964894 429.287482 115.329669 70.417954
33.393393 9373.157547 437.450984 117.574730 71.816738
33.513514 9361.135728 445.759708 119.861823 73.242741
33.633634 9348.896016 454.215843 122.191668 74.696472
33.753754 9336.434955 462.821597 124.564997 76.178451
33.873874 9323.749052 471.579195 126.982550 77.689202
33.993994 9310.834781 480.490879 129.445078 79.229262
34.114114 9297.688579 489.558903 131.953341 80.799177
34.234234 9284.306851 498.785541 134.508109 82.399499
34.354354 9270.685968 508.173078 137.110161 84.030792
34.474474 9256.822269 517.723813 139.760289 85.693629
34.594595 9242.712059 527.440058 142.459292 87.388592
34.714715 9228.351613 537.324136 145.207978 89.116273
34.834835 9213.737175 547.378383 148.007168 90.877274
34.954955 9198.864960 557.605143 150.857690 92.672207
35.075075 9183.731153 568.006771 153.760384 94.501692
35.195195 9168.331912 578.585629 156.716097 96.366362
35.315315 9152.663369 589.344084 159.725688 98.266859
35.435435 9136.721627 600.284512 162.790025 100.203835
35.555556 9120.502769 611.409292 165.909985 102.177953
35.675676 9104.002851 622.720807 169.086455 104.189887
35.795796 9087.217908 634.221442 172.320330 106.240320
35.915916 9070.143954 645.913582 175.612516 108.329948
36.036036 9052.776985 657.799611 178.963927 110.459476
36.156156 9035.112978 669.881913 182.375487 112.629622
36.276276 9017.147893 682.162865 185.848128 114.841114
36.396396 8998.877678 694.644842 189.382790 117.094691
36.516517 8980.298265 707.330209 192.980424 119.391103
36.636637 8961.405576 720.221324 196.641987 121.731113
36.756757 8942.195526 733.320534 200.368446 124.115494
36.876877 8922.664020 746.630173 204.160774 126.545033
36.996997 8902.806959 760.152562 208.019954 129.020525
37.117117 8882.620242 773.890002 211.946975 131.542781
37.237237 8862.099765 787.844780 215.942834 134.112620
37.357357 8841.241429 802.019159 220.008536 136.730876
37.477477 8820.041134 816.415381 224.145091 139.398394
37.597598 8798.494793 831.035660 228.353517 142.116031
37.717718 8776.598322 845.882184 232.634837 144.884656
37.837838 8754.347654 860.957112 236.990082 147.705152
37.957958 8731.738734 876.262568 241.420286 150.578412
38.078078 8708.767525 891.800642 245.926490 153.505343
38.198198 8685.430012 907.573385 250.509739 156.486864
38.318318 8661.722203 923.582806 255.171084 159.523907
38.438438 8637.640132 939.830873 259.911578 162.617417
38.558559 8613.179866 956.319505 264.732279 165.768350
38.678679 8588.337503 973.050573 269.634247 168.977677
38.798799 8563.109180 990.025893 274.618547 172.246379
38.918919 8537.491076 1007.247227 279.686244 175.575453
39.039039 8511.479413 1024.716274 284.838406 178.965907
39.159159 8485.070462 1042.434675 290.076102 182.418760
39.279279 8458.260549 1060.404002 295.400401 185.935048
39.399399 8431.046053 1078.625757 300.812372 189.515818
39.519520 8403.423417 1097.101371 306.313085 193.162127
39.639640 8375.389146 1115.832196 311.903608 196.875050
39.759760 8346.939819 1134.819504 317.585006 200.655671
39.879880 8318.072085 1154.064483 323.358344 204.505088
40.000000 8288.782675 1173.568232 329.224682 208.424412
40.120120 8259.068401 1193.331757 335.185076 212.414766
40.240240 8228.926165 1213.355969 341.240579 216.477287
40.360360 8198.352960 1233.641680 347.392237 220.613123
40.480480 8167.345877 1254.189596 353.641092 224.823435
40.600601 8135.902112 1275.000315 359.988176 229.109398
40.720721 8104.018969 1296.074319 366.434515 233.472197
40.840841 8071.693866 1317.411977 372.981127 237.913031
40.960961 8038.924340 1339.013532 379.629018 242.433110
41.081081 8005.708049 1360.879109 386.379186 247.033657
41.201201 7972.042781 1383.008696 393.232617 251.715906
41.321321 7937.926463 1405.402150 400.190283 256.481104
41.441441 7903.357160 1428.059188 407.253144 261.330508
41.561562 7868.333085 1450.979381 414.422147 266.265388
41.681682 7832.852603 1474.162154 421.698219 271.287024
41.801802 7796.914239 1497.606778 429.082275 276.396708
41.921922 7760.516674 1521.312372 436.575211 281.595743
42.042042 7723.658766 1545.277890 444.177903 286.885441
42.162162 7686.339543 1569.502122 451.891209 292.267126
42.282282 7648.558218 1593.983686 459.715964 297.742132
42.402402 7610.314192 1618.721024 467.652982 303.311803
42.522523 7571.607056 1643.712400 475.703053 308.977491
42.642643 7532.436605 1668.955893 483.866942 314.740560
42.762763 7492.802828 1694.449402 492.145390 320.602381
42.882883 7452.705930 1720.190627 500.539108 326.564334
43.003003 7412.146333 1746.177077 509.048781 332.627808
43.123123 7371.124681 1772.406056 517.675063 338.794201
43.243243 7329.641843 1798.874666 526.418575 345.064916
43.363363 7287.698926 1825.579801 535.279909 351.441365
43.483483 7245.297272 1852.518142 544.259619 357.924967
43.603604 7202.438462 1879.686162 553.358229 364.517147
43.723724 7159.124331 1907.080111 562.576222 371.219336
43.843844 7115.356965 1934.696018 571.914045 378.032972
43.963964 7071.138713 1962.529687 581.372105 384.959495
44.084084 7026.472188 1990.576693 590.950767 392.000352
44.204204 6981.360269 2018.832381 600.650356 399.156994
44.324324 6935.806113 2047.291862 610.471150 406.430876
44.444444 6889.813144 2075.950016 620.413386 413.823454
44.564565 6843.385074 2104.801486 630.477251 421.336189
44.684685 6796.525900 2133.840671 640.662886 428.970542
44.804805 6749.239908 2163.061733 650.970382 436.727977
44.924925 6701.531676 2192.458587 661.399778 444.609958
45.045045 6653.406081 2222.024908 671.951062 452.617950
45.165165 6604.868295 2251.754125 682.624166 460.753415
45.285285 6555.923788 2281.639426 693.418970 469.017816
45.405405 6506.578336 2311.673753 704.335296 477.412615
45.525526 6456.838018 2341.849802 715.372909 485.939270
45.645646 6406.709224 2372.160026 726.531513 494.599236
45.765766 6356.198649 2402.596634 737.810753 503.393964
45.885886 6305.313298 2433.151591 749.210210 512.324901
46.006006 6254.060485 2463.816623 760.729404 521.393488
46.126126 6202.447832 2494.583219 772.367789 530.601160
46.246246 6150.483269 2525.442629 784.124757 539.949345
46.366366 6098.175036 2556.385872 795.999628 549.439464
46.486486 6045.531681 2587.403733 807.991657 559.072929
46.606607 5992.562055 2618.486772 820.100031 568.851142
46.726727 5939.275316 2649.625327 832.323862 578.775495
46.846847 5885.680921 2680.809514 844.662196 588.847369
46.966967 5831.788625 2712.029235 857.114005 599.068134
47.087087 5777.608480 2743.274184 869.678188 609.439147
47.207207 5723.150826 2774.533852 882.353571 619.961750
47.327327 5668.426292 2805.797532 895.138905 630.637271
47.447447 5613.445784 2837.054328 908.032863 641.467024
47.567568 5558.220488 2868.293161 921.034045 652.452305
47.687688 5502.761859 2899.502774 934.140974 663.594392
47.807808 5447.081622 2930.671734 947.352096 674.894548
47.927928 5391.191755 2961.788454 960.665777 686.354013
48.048048 5335.104487 2992.841194 974.080308 697.974010
48.168168 5278.832287 3023.818073 987.593901 709.755740
48.288288 5222.387857 3054.707075 1001.204687 721.700381
48.408408 5165.784124 3085.496066 1014.910722 733.809088
48.528529 5109.034231 3116.172794 1028.709981 746.082994
48.648649 5052.151535 3146.724899 1042.600360 758.523206
48.768769 4995.149584 3177.139930 1056.579679 771.130807
48.888889 4938.042114 3207.405360 1070.645676 783.906849
49.009009 4880.843034 3237.508589 1084.796015 796.852362
49.129129 4823.566415 3267.436963 1099.028280 809.968343
49.249249 4766.226481 3297.177780 1113.339977 823.255762
49.369369 4708.837596 3326.718308 1127.728538 836.715558
49.489489 4651.414248 3356.045798 1142.191318 850.348637
49.609610 4593.971037 3385.147492 1156.725595 864.155876
49.729730 4536.522665 3414.010643 1171.328576 878.138116
49.849850 4479.083914 3442.622528 1185.997393 892.296166
49.969970 4421.669647 3470.970448 1200.729106 906.630798
50.090090 4364.294790 3499.041753 1215.520706 921.142751
50.210210 4306.974306 3526.823857 1230.369113 935.832724
50.330330 4249.723188 3554.304252 1245.271177 950.701383
50.450450 4192.556443 3581.470519 1260.223687 965.749351
50.570571 4135.489079 3608.310344 1275.223361 980.977216
50.690691 4078.536091 3634.811528 1290.266858 996.385524
50.810811 4021.712442 3660.962005 1305.350773 1011.974780
50.930931 3965.033050 3686.749859 1320.471641 1027.745450
51.051051 3908.512770 3712.163332 1335.625942 1043.697957
51.171171 3852.166380 3737.190842 1350.810099 1059.832680
51.291291 3796.008566 3761.820996 1366.020482 1076.149956
51.411411 3740.053916 3786.042596 1381.253409 1092.650079
51.531532 3684.316888 3809.844665 1396.505150 1109.333297
51.651652 3628.811808 3833.216452 1411.771928 1126.199812
51.771772 3573.552845 3856.147447 1427.049924 1143.249784
51.891892 3518.554003 3878.627397 1442.335277 1160.483323
52.012012 3463.829109 3900.646310 1457.624086 1177.900495
52.132132 3409.391794 3922.194472 1472.912417 1195.501318
52.252252 3355.255481 3943.262459 1488.196299 1213.285761
52.372372 3301.433371 3963.841146 1503.471735 1231.253748
52.492492 3247.938428 3983.921721 1518.734699 1249.405152
52.612613 3194.783367 4003.495691 1533.981142 1267.739801
52.732733 3141.980644 4022.554894 1549.206992 1286.257470
52.852853 3089.542443 4041.091511 1564.408159 1304.957888
52.972973 3037.480661 4059.098069 1579.580537 1323.840733
53.093093 2985.806901 4076.567451 1594.720012 1342.905636
53.213213 2934.532460 4093.492908 1609.822456 1362.152176
53.333333 2883.668318 4109.868057 1624.883741 1381.579884
53.453453 2833.225128 4125.686900 1639.899731 1401.188241
53.573574 2783.213209 4140.943820 1654.866294 1420.976677
53.693694 2733.642537 4155.633588 1669.779301 1440.944574
53.813814 2684.522737 4169.751369 1684.634631 1461.091263
53.933934 2635.863074 4183.292724 1699.428174 1481.416029
54.054054 2587.672450 4196.253615 1714.155832 1501.918103
54.174174 2539.959390 4208.630417 1728.813524 1522.596669
54.294294 2492.732044 4220.419902 1743.397190 1543.450863
54.414414 2445.998182 4231.619252 1757.902794 1564.479772
54.534535 2399.765189 4242.226054 1772.326324 1585.682433
54.654655 2354.040062 4252.238302 1786.663799 1607.057836
54.774775 2308.829408 4261.654395 1800.911271 1628.604926
54.894895 2264.139430 4270.473147 1815.064827 1650.322596
55.015015 2219.975937 4278.693776 1829.120592 1672.209695
55.135135 2176.344340 4286.315902 1843.074732 1694.265026
55.255255 2133.249654 4293.339544 1856.923458 1716.487344
55.375375 2090.696494 4299.765118 1870.663026 1738.875362
55.495495 2048.689079 4305.593430 1884.289745 1761.427746
55.615616 2007.231236 4310.825671 1897.799976 1784.143117
55.735736 1966.326397 4315.463414 1911.190132 1807.020057
55.855856 1925.977605 4319.508607 1924.456688 1830.057100
55.975976 1886.187519 4322.963563 1937.596177 1853.252741
56.096096 1846.958408 4325.830965 1950.605193 1876.605434
56.216216 1808.292158 4328.113855 1963.480396 1900.113592
56.336336 1770.190284 4329.815619 1976.218512 1923.775586
56.456456 1732.653931 4330.939982 1988.816336 1947.589751
56.576577 1695.683880 4331.491004 2001.270733 1971.554383
56.696697 1659.280554 4331.473063 2013.578643 1995.667740
56.816817 1623.444021 4330.890854 2025.737079 2019.928045
56.936937 1588.174009 4329.749376 2037.743129 2044.333486
57.057057 1553.469906 4328.053920 2049.593961 2068.882213
57.177177 1519.330771 4325.810060 2061.286821 2093.572347
57.297297 1485.755343 4323.023647 2072.819035 2118.401974
57.417417 1452.742043 4319.700796 2084.188014 2143.369148
57.537538 1420.288987 4315.847873 2095.391247 2168.471894
57.657658 1388.393997 4311.471486 2106.426313 2193.708205
57.777778 1357.054608 4306.578473 2117.290872 2219.076047
57.897898 1326.268076 4301.175893 2127.982671 2244.573360
58.018018 1296.031387 4295.271014 2138.499545 2270.198054
58.138138 1266.341267 4288.871302 2148.839416 2295.948015
58.258258 1237.194194 4281.984408 2159.000292 2321.821106
58.378378 1208.586405 4274.618159 2168.980271 2347.815165
58.498498 1180.513906 4266.780546 2178.777540 2373.928009
58.618619 1152.972485 4258.479710 2188.390374 2400.157431
58.738739 1125.957718 4249.723935 2197.817140 2426.501207
58.858859 1099.464983 4240.521635 2207.056291 2452.957092
58.978979 1073.489464 4230.881342 2216.106372 2479.522823
59.099099 1048.026167 4220.811697 2224.966014 2506.196122
59.219219 1023.069929 4210.321438 2233.633940 2532.974693
59.339339 998.615422 4199.419392 2242.108961 2559.856225
59.459459 974.657170 4188.114459 2250.389976 2586.838395
59.579580 951.189556 4176.415607 2258.475970 2613.918867
59.699700 928.206829 4164.331862 2266.366017 2641.095292
59.819820 905.703117 4151.872293 2274.059279 2668.365311
59.939940 883.672438 4139.046004 2281.555002 2695.726556
60.060060 862.108702 4125.862131 2288.852518 2723.176649
60.180180 841.005726 4112.329823 2295.951243 2750.713208
60.300300 820.357240 4098.458244 2302.850676 2778.333839
60.420420 800.156895 4084.256557 2309.550400 2806.036148
60.540541 780.398276 4069.733913 2316.050078 2833.817733
60.660661 761.074909 4054.899448 2322.349454 2861.676189
60.780781 742.180264 4039.762274 2328.448352 2889.609109
60.900901 723.707769 4024.331470 2334.346675 2917.614085
61.021021 705.650814 4008.616078 2340.044401 2945.688707
61.141141 688.002757 3992.625092 2345.541585 2973.830565
61.261261 670.756936 3976.367457 2350.838354 3002.037252
61.381381 653.906671 3959.852057 2355.934911 3030.306361
61.501502 637.445272 3943.087711 2360.831528 3058.635488
61.621622 621.366046 3926.083171 2365.528548 3087.022235
61.741742 605.662307 3908.847104 2370.026384 3115.464205
61.861862 590.327376 3891.388100 2374.325514 3143.959010
61.981982 575.354589 3873.714662 2378.426483 3172.504265
62.102102 560.737304 3855.835201 2382.329902 3201.097594
62.222222 546.468902 3837.758030 2386.036440 3229.736628
62.342342 532.542795 3819.491366 2389.546832 3258.419006
62.462462 518.952434 3801.043320 2392.861870 3287.142376
62.582583 505.691303 3782.421895 2395.982403 3315.904398
62.702703 492.752936 3763.634985 2398.909339 3344.702740
62.822823 480.130910 3744.690370 2401.643637 3373.535082
62.942943 467.818858 3725.595712 2404.186313 3402.399117
63.063063 455.810466 3706.358553 2406.538432 3431.292549
63.183183 444.099479 3686.986317 2408.701109 3460.213096
63.303303 432.679702 3667.486302 2410.675508 3489.158489
63.423423 421.545007 3647.865681 2412.462839 3518.126473
63.543544 410.689333 3628.131501 2414.064357 3547.114810
63.663664 400.106687 3608.290677 2415.481361 3576.121275
63.783784 389.791150 3588.350000 2416.715191 3605.143659
63.903904 379.736877 3568.316125 2417.767228 3634.179771
64.024024 369.938097 3548.195578 2418.638891 3663.227435
64.144144 360.389119 3527.994752 2419.331635 3692.284493
64.264264 351.084331 3507.719910 2419.846954 3721.348806
64.384384 342.018201 3487.377178 2420.186371 3750.418250
64.504505 333.185280 3466.972552 2420.351446 3779.490723
64.624625 324.580200 3446.511893 2420.343767 3808.564140
64.744745 316.197681 3426.000932 2420.164952 3837.636435
64.864865 308.032524 3405.445265 2419.816649 3866.705562
64.984985 300.079619 3384.850355 2419.300530 3895.769496
65.105105 292.333938 3364.221537 2418.618293 3924.826231
65.225225 284.790544 3343.564013 2417.771661 3953.873782
65.345345 277.444584 3322.882855 2416.762377 3982.910184
65.465465 270.291292 3302.183006 2415.592208 4011.933495
65.585586 263.325989 3281.469281 2414.262937 4040.941792
65.705706 256.544085 3260.746370 2412.776369 4069.933176
65.825826 249.941075 3240.018834 2411.134323 4098.905767
65.945946 243.512541 3219.291112 2409.338637 4127.857710
66.066066 237.254150 3198.567519 2407.391162 4156.787169
66.186186 231.161658 3177.852248 2405.293762 4185.692333
66.306306 225.230903 3157.149372 2403.048314 4214.571411
66.426426 219.457811 3136.462847 2400.656705 4243.422638
66.546547 213.838389 3115.796508 2398.120835 4272.244268
66.666667 208.368731 3095.154080 2395.442609 4301.034580
66.786787 203.045012 3074.539169 2392.623942 4329.791876
66.906907 197.863490 3053.955273 2389.666757 4358.514481
67.027027 192.820501 3033.405777 2386.572980 4387.200741
67.147147 187.912467 3012.893961 2383.344544 4415.849028
67.267267 183.135884 2992.422995 2379.983385 4444.457736
67.387387 178.487329 2971.995946 2376.491442 4473.025283
67.507508 173.963459 2951.615778 2372.870656 4501.550108
67.627628 169.561002 2931.285352 2369.122969 4530.030676
67.747748 165.276766 2911.007435 2365.250325 4558.465475
67.867868 161.107630 2890.784691 2361.254664 4586.853014
67.987988 157.050548 2870.619694 2357.137929 4615.191829
68.108108 153.102545 2850.514922 2352.902057 4643.480475
68.228228 149.260719 2830.472760 2348.548985 4671.717535
68.348348 145.522236 2810.495507 2344.080646 4699.901611
68.468468 141.884331 2790.585372 2339.498966 4728.031331
68.588589 138.344306 2770.744481 2334.805870 4756.105344
68.708709 134.899528 2750.974873 2330.003274 4784.122325
68.828829 131.547432 2731.278508 2325.093092 4812.080968
68.948949 128.285515 2711.657265 2320.077226 4839.979994
69.069069 125.111336 2692.112945 2314.957575 4867.818143
69.189189 122.022517 2672.647272 2309.736028 4895.594182
69.309309 119.016739 2653.261898 2304.414467 4923.306897
69.429429 116.091742 2633.958398 2298.994761 4950.955098
69.549550 113.245326 2614.738281 2293.478776 4978.537617
69.669670 110.475345 2595.602984 2287.868363 5006.053309
69.789790 107.779708 2576.553878 2282.165364 5033.501051
69.909910 105.156381 2557.592268 2276.371611 5060.879741
70.030030 102.603380 2538.719396 2270.488923 5088.188301
70.150150 100.118776 2519.936441 2264.519110 5115.425672
70.270270 97.700689 2501.244522 2258.463968 5142.590821
70.390390 95.347288 2482.644700 2252.325281 5169.682731
70.510511 93.056792 2464.137977 2246.104821 5196.700410
70.630631 90.827468 2445.725300 2239.804346 5223.642886
70.750751 88.657626 2427.407563 2233.425601 5250.509210
70.870871 86.545626 2409.185605 2226.970319 5277.298450
70.990991 84.489867 2391.060218 2220.440216 5304.009699
71.111111 82.488796 2373.032140 2213.836997 5330.642067
71.231231 80.540900 2355.102064 2207.162350 5357.194686
71.351351 78.644705 2337.270635 2200.417951 5383.666709
71.471471 76.798781 2319.538453 2193.605460 5410.057307
71.591592 75.001734 2301.906073 2186.726520 5436.365673
71.711712 73.252210 2284.374009 2179.782763 5462.591018
71.831832 71.548892 2266.942733 2172.775802 5488.732573
71.951952 69.890499 2249.612677 2165.707236 5514.789589
72.072072 68.275783 2232.384233 2158.578648 5540.761335
72.192192 66.703535 2215.257758 2151.391607 5566.647100
72.312312 65.172576 2198.233570 2144.147663 5592.446191
72.432432 63.681761 2181.311953 2136.848352 5618.157934
72.552553 62.229977 2164.493157 2129.495194 5643.781672
72.672673 60.816142 2147.777398 2122.089692 5669.316768
72.792793 59.439203 2131.164862 2114.633333 5694.762602
72.912913 58.098138 2114.655703 2107.127587 5720.118572
73.033033 56.791953 2098.250044 2099.573908 5745.384094
73.153153 55.519682 2081.947982 2091.973736 5770.558600
73.273273 54.280386 2065.749583 2084.328490 5795.641541
73.393393 53.073152 2049.654889 2076.639576 5820.632383
73.513514 51.897093 2033.663915 2068.908382 5845.530610
73.633634 50.751348 2017.776649 2061.136279 5870.335724
73.753754 49.635079 2001.993058 2053.324624 5895.047239
73.873874 48.547471 1986.313085 2045.474753 5919.664691
73.993994 47.487735 1970.736648 2037.587990 5944.187626
74.114114 46.455101 1955.263648 2029.665640 5968.615611
74.234234 45.448823 1939.893960 2021.708992 5992.948225
74.354354 44.468175 1924.627443 2013.719317 6017.185064
74.474474 43.512453 1909.463935 2005.697873 6041.325739
74.594595 42.580970 1894.403255 1997.645899 6065.369876
74.714715 41.673062 1879.445205 1989.564618 6089.317115
74.834835 40.788082 1864.589570 1981.455236 6113.167111
74.954955 39.925401 1849.836118 1973.318945 6136.919535
75.075075 39.084410 1835.184601 1965.156918 6160.574070
75.195195 38.264515 1820.634757 1956.970315 6184.130414
75.315315 37.465139 1806.186307 1948.760276 6207.588278
75.435435 36.685724 1791.838960 1940.527928 6230.947388
75.555556 35.925724 1777.592412 1932.274381 6254.207483
75.675676 35.184613 1763.446344 1924.000730 6277.368314
75.795796 34.461875 1749.400426 1915.708053 6300.429646
75.915916 33.757013 1735.454317 1907.397412 6323.391258
76.036036 33.069542 1721.607663 1899.069855 6346.252940
76.156156 32.398991 1707.860100 1890.726414 6369.014494
76.276276 31.744903 1694.211255 1882.368105 6391.675737
76.396396 31.106832 1680.660743 1873.995929 6414.236495
76.516517 30.484348 1667.208171 1865.610872 6436.696609
76.636637 29.877031 1653.853137 1857.213904 6459.055928
76.756757 29.284473 1640.595229 1848.805982 6481.314316
76.876877 28.706278 1627.434029 1840.388045 6503.471647
76.996997 28.142061 1614.369111 1831.961021 6525.527807
77.117117 27.591449 1601.400040 1823.525821 6547.482690
77.237237 27.054078 1588.526376 1815.083341 6569.336206
77.357357 26.529595 1575.747671 1806.634464 6591.088270
77.477477 26.017656 1563.063472 1798.180058 6612.738813
77.597598 25.517930 1550.473320 1789.720977 6634.287773
77.717718 25.030091 1537.976750 1781.258062 6655.735098
77.837838 24.553825 1525.573291 1772.792137 6677.080747
77.957958 24.088827 1513.262468 1764.324016 6698.324690
78.078078 23.634798 1501.043802 1755.854496 6719.466904
78.198198 23.191450 1488.916809 1747.384363 6740.507378
78.318318 22.758503 1476.881000 1738.914389 6761.446109
78.438438 22.335683 1464.935884 1730.445330 6782.283103
78.558559 21.922726 1453.080966 1721.977933 6803.018375
78.678679 21.519372 1441.315747 1713.512929 6823.651951
78.798799 21.125374 1429.639725 1705.051038 6844.183864
78.918919 20.740485 1418.052397 1696.592965 6864.614154
79.039039 20.364471 1406.553254 1688.139404 6884.942872
79.159159 19.997100 1395.141787 1679.691036 6905.170076
79.279279 19.638150 1383.817486 1671.248531 6925.295833
79.399399 19.287402 1372.579837 1662.812544 6945.320217
79.519520 18.944646 1361.428325 1654.383719 6965.243310
79.639640 18.609676 1350.362433 1645.962689 6985.065202
79.759760 18.282292 1339.381643 1637.550074 7004.785991
79.879880 17.962300 1328.485436 1629.146483 7024.405781
80.000000 17.649512 1317.673291 1620.752513 7043.924684
80.120120 17.343743 1306.944689 1612.368750 7063.342819
80.240240 17.044815 1296.299106 1603.995767 7082.660313
80.360360 16.752555 1285.736021 1595.634127 7101.877297
80.480480 16.466793 1275.254911 1587.284383 7120.993913
80.600601 16.187366 1264.855253 1578.947076 7140.010305
80.720721 15.914114 1254.536524 1570.622735 7158.926627
80.840841 15.646881 1244.298202 1562.311880 7177.743038
80.960961 15.385517 1234.139762 1554.015019 7196.459701
81.081081 15.129874 1224.060684 1545.732652 7215.076790
81.201201 14.879811 1214.060443 1537.465266 7233.594480
81.321321 14.635187 1204.138520 1529.213339 7252.012954
81.441441 14.395867 1194.294392 1520.977339 7270.332402
81.561562 14.161721 1184.527539 1512.757724 7288.553016
81.681682 13.932620 1174.837441 1504.554942 7306.674997
81.801802 13.708439 1165.223581 1496.369431 7324.698549
81.921922 13.489058 1155.685439 1488.201620 7342.623883
82.042042 13.274358 1146.222500 1480.051928 7360.451213
82.162162 13.064226 1136.834248 1471.920765 7378.180760
82.282282 12.858549 1127.520169 1463.808533 7395.812749
82.402402 12.657218 1118.279750 1455.715623 7413.347409
82.522523 12.460129 1109.112478 1447.642418 7430.784975
82.642643 12.267178 1100.017845 1439.589292 7448.125686
82.762763 12.078265 1090.995342 1431.556609 7465.369784
82.882883 11.893292 1082.044461 1423.544728 7482.517519
83.003003 11.712166 1073.164698 1415.553995 7499.569142
83.123123 11.534793 1064.355549 1407.584750 7516.524908
83.243243 11.361083 1055.616512 1399.637326 7533.385079
83.363363 11.190950 1046.947087 1391.712046 7550.149918
83.483483 11.024307 1038.346776 1383.809224 7566.819693
83.603604 10.861073 1029.815084 1375.929168 7583.394675
83.723724 10.701166 1021.351515 1368.072179 7599.875140
83.843844 10.544507 1012.955578 1360.238547 7616.261367
83.963964 10.391021 1004.626784 1352.428557 7632.553639
84.084084 10.240632 996.364643 1344.642486 7648.752239
84.204204 10.093267 988.168670 1336.880604 7664.857459
84.324324 9.948857 980.038382 1329.143172 7680.869589
84.444444 9.807332 971.973296 1321.430446 7696.788925
84.564565 9.668625 963.972935 1313.742674 7712.615766
84.684685 9.532671 956.036821 1306.080096 7728.350412
84.804805 9.399406 948.164480 1298.442947 7743.993167
84.924925 9.268768 940.355439 1290.831455 7759.544339
85.045045 9.140696 932.609229 1283.245839 7775.004237
85.165165 9.015132 924.925381 1275.686315 7790.373172
85.285285 8.892018 917.303432 1268.153089 7805.651461
85.405405 8.771298 909.742919 1260.646364 7820.839419
85.525526 8.652919 902.243381 1253.166335 7835.937366
85.645646 8.536826 894.804360 1245.713190 7850.945624
85.765766 8.422968 887.425402 1238.287112 7865.864518
85.885886 8.311295 880.106054 1230.888279 7880.694373
86.006006 8.201757 872.845865 1223.516861 7895.435517
86.126126 8.094306 865.644389 1216.173023 7910.088282
86.246246 7.988896 858.501179 1208.856926 7924.652998
86.366366 7.885482 851.415794 1201.568723 7939.130001
86.486486 7.784018 844.387793 1194.308562 7953.519626
86.606607 7.684462 837.416740 1187.076587 7967.822212
86.726727 7.586771 830.502198 1179.872935 7982.038096
86.846847 7.490904 823.643737 1172.697738 7996.167621
86.966967 7.396821 816.840926 1165.551123 8010.211129
87.087087 7.304483 810.093339 1158.433214 8024.168965
87.207207 7.213852 803.400551 1151.344126 8038.041472
87.327327 7.124890 796.762140 1144.283971 8051.828999
87.447447 7.037561 790.177687 1137.252858 8065.531894
87.567568 6.951830 783.646776 1130.250888 8079.150506
87.687688 6.867661 777.168993 1123.278160 8092.685186
87.807808 6.785023 770.743927 1116.334765 8106.136285
87.927928 6.703881 764.371168 1109.420795 8119.504157
88.048048 6.624203 758.050311 1102.536331 8132.789155
88.168168 6.545959 751.780953 1095.681454 8145.991634
88.288288 6.469117 745.562692 1088.856240 8159.111951
88.408408 6.393647 739.395131 1082.060760 8172.150462
88.528529 6.319522 733.277873 1075.295081 8185.107524
88.648649 6.246712 727.210527 1068.559265 8197.983496
88.768769 6.175189 721.192701 1061.853372 8210.778738
88.888889 6.104927 715.224009 1055.177458 8223.493607
89.009009 6.035898 709.304064 1048.531571 8236.128466
89.129129 5.968078 703.432485 1041.915761 8248.683675
89.249249 5.901442 697.608891 1035.330071 8261.159596
89.369369 5.835964 691.832905 1028.774541 8273.556591
89.489489 5.771620 686.104153 1022.249206 8285.875021
89.609610 5.708388 680.422262 1015.754099 8298.115251
89.729730 5.646243 674.786863 1009.289251 8310.277643
89.849850 5.585165 669.197588 1002.854685 8322.362562
89.969970 5.525131 663.654073 996.450426 8334.370370
90.090090 5.466120 658.155957 990.076491 8346.301432
90.210210 5.408111 652.702879 983.732897 8358.156113
90.330330 5.351083 647.294484 977.419657 8369.934776
90.450450 5.295018 641.930416 971.136779 8381.637788
90.570571 5.239894 636.610323 964.884271 8393.265511
90.690691 5.185695 631.333857 958.662136 8404.818312
90.810811 5.132400 626.100670 952.470375 8416.296555
90.930931 5.079992 620.910419 946.308984 8427.700605
91.051051 5.028454 615.762760 940.177959 8439.030826
91.171171 4.977767 610.657356 934.077293 8450.287584
91.291291 4.927916 605.593868 928.006973 8461.471243
91.411411 4.878883 600.571962 921.966987 8472.582168
91.531532 4.830653 595.591307 915.957319 8483.620722
91.651652 4.783210 590.651571 909.977950 8494.587270
91.771772 4.736537 585.752429 904.028858 8505.482175
91.891892 4.690621 580.893555 898.110022 8516.305802
92.012012 4.645447 576.074627 892.221413 8527.058513
92.132132 4.601000 571.295324 886.363005 8537.740671
92.252252 4.557266 566.555329 880.534765 8548.352640
92.372372 4.514232 561.854326 874.736662 8558.894780
92.492492 4.471883 557.192002 868.968660 8569.367455
92.612613 4.430207 552.568047 863.230721 8579.771025
92.732733 4.389192 547.982152 857.522806 8590.105851
92.852853 4.348823 543.434010 851.844874 8600.372293
92.972973 4.309090 538.923318 846.196880 8610.570712
93.093093 4.269979 534.449775 840.578779 8620.701467
93.213213 4.231480 530.013080 834.990523 8630.764917
93.333333 4.193581 525.612938 829.432062 8640.761419
93.453453 4.156270 521.249052 823.903346 8650.691331
93.573574 4.119537 516.921131 818.404320 8660.555011
93.693694 4.083371 512.628884 812.934930 8670.352815
93.813814 4.047760 508.372023 807.495119 8680.085098
93.933934 4.012696 504.150261 802.084828 8689.752215
94.054054 3.978167 499.963315 796.703996 8699.354521
94.174174 3.944165 495.810904 791.352562 8708.892369
94.294294 3.910678 491.692747 786.030463 8718.366112
94.414414 3.877699 487.608568 780.737632 8727.776101
94.534535 3.845216 483.558091 775.474005 8737.122688
94.654655 3.813223 479.541042 770.239511 8746.406224
94.774775 3.781709 475.557152 765.034082 8755.627057
94.894895 3.750666 471.606150 759.857648 8764.785537
95.015015 3.720085 467.687770 754.710134 8773.882011
95.135135 3.689958 463.801747 749.591468 8782.916827
95.255255 3.660278 459.947818 744.501574 8791.890330
95.375375 3.631035 456.125723 739.440377 8800.802866
95.495495 3.602222 452.335202 734.407798 8809.654778
95.615616 3.573832 448.575999 729.403758 8818.446410
95.735736 3.545857 444.847860 724.428178 8827.178105
95.855856 3.518290 441.150530 719.480976 8835.850204
95.975976 3.491123 437.483760 714.562069 8844.463047
96.096096 3.464350 433.847301 709.671376 8853.016973
96.216216 3.437963 430.240906 704.808809 8861.512322
96.336336 3.411956 426.664329 699.974286 8869.949429
96.456456 3.386323 423.117328 695.167717 8878.328633
96.576577 3.361056 419.599661 690.389017 8886.650267
96.696697 3.336149 416.111089 685.638096 8894.914666
96.816817 3.311596 412.651375 680.914865 8903.122164
96.936937 3.287392 409.220283 676.219233 8911.273092
97.057057 3.263530 405.817580 671.551110 8919.367781
97.177177 3.240003 402.443033 666.910402 8927.406561
97.297297 3.216808 399.096413 662.297018 8935.389762
97.417417 3.193937 395.777490 657.710863 8943.317710
97.537538 3.171386 392.486040 653.151842 8951.190732
97.657658 3.149148 389.221837 648.619861 8959.009154
97.777778 3.127220 385.984658 644.114823 8966.773299
97.897898 3.105594 382.774282 639.636632 8974.483491
98.018018 3.084268 379.590491 635.185190 8982.140052
98.138138 3.063234 376.433065 630.760399 8989.743302
98.258258 3.042489 373.301790 626.362160 8997.293561
98.378378 3.022028 370.196450 621.990374 9004.791148
98.498498 3.001846 367.116835 617.644940 9012.236379
98.618619 2.981939 364.062732 613.325760 9019.629570
98.738739 2.962301 361.033933 609.032730 9026.971036
98.858859 2.942929 358.030230 604.765750 9034.261091
98.978979 2.923818 355.051417 600.524718 9041.500047
99.099099 2.904964 352.097291 596.309530 9048.688215
99.219219 2.886362 349.167649 592.120085 9055.825904
99.339339 2.868009 346.262289 587.956277 9062.913424
99.459459 2.849901 343.381013 583.818004 9069.951082
99.579580 2.832034 340.523622 579.705160 9076.939184
99.699700 2.814403 337.689922 575.617641 9083.878034
99.819820 2.797005 334.879716 571.555342 9090.767937
99.939940 2.779836 332.092812 567.518158 9097.609194
100.060060 2.762893 329.329019 563.505981 9104.402107
100.180180 2.746172 326.588146 559.518707 9111.146975
100.300300 2.729670 323.870005 555.556228 9117.844097
100.420420 2.713382 321.174410 551.618437 9124.493770
100.540541 2.697306 318.501175 547.705229 9131.096290
100.660661 2.681439 315.850115 543.816494 9137.651952
100.780781 2.665776 313.221050 539.952126 9144.161048
100.900901 2.650316 310.613796 536.112016 9150.623872
101.021021 2.635054 308.028176 532.296057 9157.040713
101.141141 2.619988 305.464011 528.504140 9163.411861
101.261261 2.605114 302.921124 524.736157 9169.737605
101.381381 2.590430 300.399340 520.991999 9176.018231
101.501502 2.575933 297.898486 517.271557 9182.254024
101.621622 2.561619 295.418389 513.574722 9188.445270
101.741742 2.547487 292.958877 509.901386 9194.592250
101.861862 2.533532 290.519782 506.251439 9200.695246
101.981982 2.519754 288.100936 502.624771 9206.754540
102.102102 2.506148 285.702170 499.021273 9212.770409
102.222222 2.492713 283.323320 495.440836 9218.743131
102.342342 2.479445 280.964222 491.883351 9224.672983
102.462462 2.466342 278.624712 488.348706 9230.560240
102.582583 2.453402 276.304629 484.836794 9236.405175
102.702703 2.440622 274.003813 481.347503 9242.208061
102.822823 2.428000 271.722105 477.880725 9247.969169
102.942943 2.415534 269.459347 474.436349 9253.688769
103.063063 2.403221 267.215384 471.014267 9259.367129
103.183183 2.391059 264.990058 467.614367 9265.004516
103.303303 2.379045 262.783218 464.236541 9270.601196
103.423423 2.367178 260.594710 460.880678 9276.157434
103.543544 2.355456 258.424383 457.546669 9281.673492
103.663664 2.343875 256.272087 454.234405 9287.149633
103.783784 2.332435 254.137673 450.943775 9292.586117
103.903904 2.321133 252.020993 447.674671 9297.983203
104.024024 2.309967 249.921901 444.426982 9303.341150
104.144144 2.298935 247.840251 441.200601 9308.660213
104.264264 2.288036 245.775899 437.995416 9313.940648
104.384384 2.277267 243.728703 434.811320 9319.182710
104.504505 2.266626 241.698521 431.648203 9324.386650
104.624625 2.256112 239.685211 428.505957 9329.552720
104.744745 2.245722 237.688635 425.384472 9334.681171
104.864865 2.235456 235.708654 422.283640 9339.772250
104.984985 2.225311 233.745131 419.203353 9344.826205
105.105105 2.215286 231.797930 416.143502 9349.843283
105.225225 2.205378 229.866915 413.103979 9354.823728
105.345345 2.195587 227.951954 410.084676 9359.767784
105.465465 2.185910 226.052913 407.085485 9364.675693
105.585586 2.176346 224.169660 404.106299 9369.547695
105.705706 2.166894 222.302065 401.147010 9374.384032
105.825826 2.157551 220.449998 398.207511 9379.184940
105.945946 2.148317 218.613331 395.287695 9383.950657
106.066066 2.139189 216.791937 392.387454 9388.681419
106.186186 2.130167 214.985688 389.506684 9393.377461
106.306306 2.121249 213.194460 386.645276 9398.039015
106.426426 2.112434 211.418128 383.803125 9402.666313
106.546547 2.103719 209.656569 380.980125 9407.259587
106.666667 2.095104 207.909660 378.176170 9411.819065
106.786787 2.086587 206.177281 375.391155 9416.344976
106.906907 2.078168 204.459311 372.624975 9420.837547
107.027027 2.069843 202.755630 369.877524 9425.297003
107.147147 2.061614 201.066120 367.148698 9429.723568
107.267267 2.053477 199.390665 364.438392 9434.117466
107.387387 2.045433 197.729146 361.746503 9438.478918
107.507508 2.037478 196.081450 359.072926 9442.808146
107.627628 2.029614 194.447461 356.417557 9447.105368
107.747748 2.021837 192.827066 353.780295 9451.370802
107.867868 2.014148 191.220152 351.161034 9455.604666
107.987988 2.006544 189.626607 348.559674 9459.807175
108.108108 1.999025 188.046321 345.976110 9463.978544
108.228228 1.991590 186.479184 343.410242 9468.118984
108.348348 1.984237 184.925087 340.861967 9472.228710
108.468468 1.976966 183.383921 338.331183 9476.307931
108.588589 1.969775 181.855579 335.817790 9480.356856
108.708709 1.962663 180.339956 333.321687 9484.375694
108.828829 1.955629 178.836945 330.842773 9488.364653
108.948949 1.948673 177.346442 328.380947 9492.323938
109.069069 1.941793 175.868344 325.936110 9496.253753
109.189189 1.934989 174.402547 323.508163 9500.154302
109.309309 1.928258 172.948949 321.097005 9504.025788
109.429429 1.921601 171.507450 318.702538 9507.868411
109.549550 1.915016 170.077948 316.324664 9511.682372
109.669670 1.908503 168.660344 313.963284 9515.467868
109.789790 1.902060 167.254541 311.618300 9519.225099
109.909910 1.895687 165.860439 309.289615 9522.954259
110.030030 1.889383 164.477941 306.977131 9526.655545
110.150150 1.883147 163.106952 304.680752 9530.329150
110.270270 1.876977 161.747375 302.400381 9533.975267
110.390390 1.870874 160.399117 300.135922 9537.594087
110.510511 1.864836 159.062082 297.887279 9541.185803
110.630631 1.858863 157.736179 295.654357 9544.750602
110.750751 1.852953 156.421314 293.437061 9548.288673
110.870871 1.847106 155.117396 291.235295 9551.800203
110.990991 1.841321 153.824334 289.048966 9555.285378
111.111111 1.835598 152.542038 286.877980 9558.744383
111.231231 1.829935 151.270419 284.722243 9562.177403
111.351351 1.824332 150.009387 282.581662 9565.584618
111.471471 1.818789 148.758856 280.456144 9568.966212
111.591592 1.813303 147.518737 278.345597 9572.322363
111.711712 1.807875 146.288944 276.249928 9575.653252
111.831832 1.802505 145.069392 274.169046 9578.959057
111.951952 1.797190 143.859996 272.102859 9582.239955
112.072072 1.791931 142.660671 270.051277 9585.496121
112.192192 1.786727 141.471333 268.014209 9588.727732
112.312312 1.781577 140.291899 265.991565 9591.934959
112.432432 1.776480 139.122288 263.983255 9595.117977
112.552553 1.771437 137.962418 261.989189 9598.276956
112.672673 1.766446 136.812207 260.009279 9601.412068
112.792793 1.761506 135.671576 258.043436 9604.523482
112.912913 1.756617 134.540445 256.091572 9607.611366
113.033033 1.751779 133.418735 254.153599 9610.675887
113.153153 1.746991 132.306367 252.229429 9613.717213
113.273273 1.742252 131.203264 250.318976 9616.735508
113.393393 1.737561 130.109350 248.422153 9619.730937
113.513514 1.732919 129.024547 246.538873 9622.703662
113.633634 1.728323 127.948780 244.669050 9625.653846
113.753754 1.723775 126.881974 242.812600 9628.581651
113.873874 1.719273 125.824054 240.969437 9631.487235
113.993994 1.714817 124.774947 239.139477 9634.370759
114.114114 1.710407 123.734579 237.322634 9637.232380
114.234234 1.706041 122.702878 235.518826 9640.072256
114.354354 1.701719 121.679771 233.727968 9642.890542
114.474474 1.697441 120.665187 231.949978 9645.687394
114.594595 1.693206 119.659056 230.184773 9648.462965
114.714715 1.689013 118.661306 228.432271 9651.217409
114.834835 1.684863 117.671869 226.692389 9653.950878
114.954955 1.680755 116.690676 224.965047 9656.663523
115.075075 1.676688 115.717656 223.250162 9659.355494
115.195195 1.672661 114.752744 221.547655 9662.026940
115.315315 1.668675 113.795871 219.857445 9664.678009
115.435435 1.664729 112.846970 218.179452 9667.308849
115.555556 1.660822 111.905975 216.513597 9669.919606
115.675676 1.656954 110.972820 214.859800 9672.510425
115.795796 1.653124 110.047441 213.217984 9675.081451
115.915916 1.649333 109.129772 211.588068 9677.632827
116.036036 1.645579 108.219750 209.969976 9680.164695
116.156156 1.641862 107.317310 208.363630 9682.677198
116.276276 1.638182 106.422390 206.768953 9685.170475
116.396396 1.634538 105.534928 205.185868 9687.644666
116.516517 1.630930 104.654860 203.614299 9690.099911
116.636637 1.627358 103.782126 202.054170 9692.536347
116.756757 1.623820 102.916664 200.505405 9694.954111
116.876877 1.620318 102.058415 198.967929 9697.353339
116.996997 1.616850 101.207317 197.441667 9699.734166
117.117117 1.613415 100.363312 195.926546 9702.096727
117.237237 1.610015 99.526341 194.422490 9704.441154
117.357357 1.606647 98.696345 192.929427 9706.767581
117.477477 1.603312 97.873265 191.447283 9709.076139
117.597598 1.600010 97.057045 189.975985 9711.366959
117.717718 1.596740 96.247628 188.515462 9713.640170
117.837838 1.593502 95.444956 187.065640 9715.895902
117.957958 1.590295 94.648974 185.626449 9718.134282
118.078078 1.587119 93.859626 184.197817 9720.355438
118.198198 1.583974 93.076857 182.779673 9722.559497
118.318318 1.580859 92.300611 181.371946 9724.746583
118.438438 1.577774 91.530836 179.974568 9726.916822
118.558559 1.574719 90.767476 178.587467 9729.070338
118.678679 1.571694 90.010478 177.210575 9731.207253
118.798799 1.568697 89.259791 175.843823 9733.327689
118.918919 1.565729 88.515360 174.487142 9735.431769
119.039039 1.562790 87.777134 173.140464 9737.519613
119.159159 1.559879 87.045061 171.803721 9739.591340
119.279279 1.556995 86.319090 170.476845 9741.647069
119.399399 1.554140 85.599171 169.159771 9743.686919
119.519520 1.551311 84.885252 167.852430 9745.711006
119.639640 1.548509 84.177285 166.554758 9747.719448
119.759760 1.545734 83.475218 165.266687 9749.712360
119.879880 1.542986 82.779004 163.988153 9751.689857
120.000000 1.540263 82.088594 162.719089 9753.652054
